-85.71842,1.200072,-112.0862
-85.71841,1.200073,-112.0862
-85.71838,1.200075,-112.0862
-85.71836,1.200075,-112.0862
-85.71837,1.200075,-112.0862
-85.66162,1.200072,-112.1045
-85.23317,1.200071,-112.2427
-84.58881,1.200071,-112.4505
-83.71679,1.200071,-112.7234
-82.70683,1.200073,-112.8463
-81.70517,1.200073,-112.6701
-80.67635,1.200073,-112.2035
-79.79816,1.200072,-111.5467
-78.98065,1.200069,-110.6399
-78.22171,1.200066,-109.7462
-77.37,1.200065,-108.8582
-76.52065,1.200062,-107.9198
-75.77109,1.20006,-107.0183
-74.993,1.200059,-106.0223
-74.28345,1.200056,-105.0785
-73.549,2.163277,-104.0795
-72.86134,3.494349,-103.0704
-72.35482,4.352314,-102.2251
-71.83189,4.807448,-101.2608
-71.32304,4.99662,-100.2789
-70.53788,5.047038,-98.73577
-69.08253,5.055352,-95.86098
-68.05128,4.930802,-93.82063
-67.22143,4.59483,-92.21942
-66.52483,4.081116,-90.98048
-65.8204,3.317399,-89.79689
-65.26312,2.335138,-88.88152
-64.76038,1.258916,-88.02765
-64.32128,1.20008,-87.19887
-63.85905,1.208605,-86.28693
-63.34575,1.22568,-85.22597
-62.80001,1.225674,-83.99663
-62.32973,1.225661,-82.84283
-61.84811,1.225649,-81.50191
-61.50714,1.225631,-80.28099
-61.29148,1.225613,-79.14294
-61.1432,1.225599,-77.84864
-61.04538,1.225585,-76.699
-60.9583,1.225571,-75.47486
-61.00919,1.225559,-74.24469
-61.20742,1.225547,-73.14044
-61.50915,1.22553,-71.9577
-61.7956,1.225513,-70.83373
-61.90803,1.225494,-69.63258
-61.78869,1.222585,-68.51196
-61.54155,1.21937,-67.31902
-61.36362,1.217897,-66.08987
-61.35297,1.217267,-64.95885
-61.42663,1.21694,-63.72556
-61.50897,1.216787,-62.55879
-61.50869,1.216706,-61.29881
-61.36202,1.216667,-60.06562
-61.09995,1.216635,-58.949
-60.68322,1.216612,-57.78581
-60.22503,1.216594,-56.71012
-59.70897,1.216576,-55.5843
-59.17788,1.216559,-54.46301
-58.62587,1.216548,-53.41386
-57.95717,1.216528,-52.37797
-57.28484,1.216511,-51.43086
-56.55511,1.216496,-50.43615
-55.82028,1.21648,-49.54366
-54.90298,1.216472,-48.74193
-53.91535,1.216458,-48.01772
-52.96481,1.216441,-47.37111
-51.92854,1.216427,-46.68698
-50.9331,1.216411,-46.03922
-49.82049,1.216389,-45.32004
-48.77795,1.216376,-44.64824
-47.7956,1.216361,-44.01605
-46.71518,1.216347,-43.32072
-45.74253,1.216331,-42.69242
-44.7003,1.216319,-42.00401
-43.66741,1.216301,-41.26709
-42.73796,1.216287,-40.56861
-41.75032,1.21627,-39.79687
-40.84552,1.216254,-39.07222
-39.88037,1.216236,-38.28936
-38.90516,1.216223,-37.49271
-38.09731,1.216205,-36.64967
-37.37743,1.216192,-35.62741
-36.78445,1.216183,-34.64072
-36.27156,1.216161,-33.52407
-35.75203,1.216146,-32.31821
-35.25647,1.216136,-31.24458
-34.7243,1.21612,-30.12395
-34.21163,1.216106,-29.05849
-33.67422,1.216094,-27.94823
-33.16875,1.216076,-26.90678
-32.61864,1.216062,-25.7748
-32.07993,1.216044,-24.66695
-31.56803,1.216029,-23.61452
-31.02009,1.216014,-22.48813
-30.50999,1.215999,-21.43958
-29.94702,1.215981,-20.31378
-29.28612,1.215966,-19.2476
-28.51986,1.215951,-18.38382
-27.5252,1.215937,-17.66409
-26.50301,1.215924,-17.1396
-25.39761,1.288447,-16.67682
-24.31032,1.433415,-16.27032
-23.24165,1.421941,-15.88791
-22.15227,1.299084,-15.37594
-21.39714,1.241703,-14.61734
-20.72638,1.213001,-13.63552
-20.16109,1.20068,-12.646
-19.58532,1.200023,-11.54752
-19.02648,1.200023,-10.43698
-18.51881,1.200021,-9.409569
-17.97663,1.200021,-8.303276
-17.46432,1.20002,-7.253822
-16.92378,1.200019,-6.144485
-16.38815,1.200021,-4.994919
-15.99982,1.20002,-3.873138
-15.68794,1.200017,-2.64064
-15.43382,1.200017,-1.471283
-15.23774,1.200018,-0.1941147
-15.07909,1.200017,1.088615
-14.82444,1.200016,2.344475
-14.12691,1.200015,3.45417
-13.06432,1.200016,4.22847
-11.9787,1.200014,4.713257
-10.80565,1.200012,5.095398
-9.684036,2.642741,5.414871
-8.627411,3.806331,5.738235
-7.648468,4.589369,6.074211
-6.62233,4.900032,6.442223
-5.441368,5.024357,6.847229
-4.271179,4.939845,7.059944
-3.154106,4.62989,6.767265
-2.06636,4.091444,6.238617
-0.9997253,3.374616,5.750404
0.2763214,2.318562,5.351822
1.519424,1.235004,5.1856
2.490234,1.200046,5.190475
3.613838,1.222152,5.288254
4.73793,1.222146,5.430473
5.972572,1.222134,5.654221
7.105003,1.703631,6.195389
7.942513,3.118806,6.945061
8.752792,4.158247,7.870712
9.33709,4.697629,8.705162
9.495804,4.964172,9.736221
9.199799,5.045953,10.79565
9.021294,4.916007,11.42611
8.942154,4.573795,11.70562
8.908707,4.060041,11.82375
8.916153,3.66995,11.92704
8.985764,3.824322,12.1452
9.001595,3.825353,12.62582
9.066055,3.643133,13.40661
9.383202,4.664755,14.11137
9.647385,5.745627,14.95513
9.807434,6.481578,15.82377
9.926971,6.893432,16.71767
10.02451,7.078194,17.64566
10.06183,6.839735,17.87386
10.05518,5.695287,17.69052
10.05561,4.940697,17.64139
10.02644,4.353803,17.65131
9.894379,3.796181,17.38086
9.787285,3.548734,17.01756
9.7864,3.550469,17.01648
9.779785,3.551141,16.99034
10.20029,4.332174,16.66617
10.71931,5.467339,16.06889
10.9359,6.369711,15.32352
10.91536,6.837707,14.76523
10.80998,7.07969,14.61937
10.38368,7.15252,14.68268
10.1759,7.056128,14.53845
10.06779,6.76095,13.85399
10.02086,6.305811,13.36277
9.996964,5.627739,13.1126
9.986229,4.803602,13.00027
9.980873,3.749269,13.05185
9.882813,3.415958,13.55529
9.825783,3.560689,14.34249
9.796158,3.71899,15.33871
9.485214,5.052923,16.28149
9.272491,6.243765,17.27176
9.176109,6.910328,17.92624
9.137505,6.013947,17.92422
9.117462,5.607873,17.92783
9.112183,5.60253,17.95461
9.11219,5.602529,17.95473
9.112198,5.59948,17.95473
9.11174,5.531638,17.9381
9.110771,5.35428,17.71718
9.110687,4.979491,17.02502
9.110573,4.465373,16.14551
9.113251,3.718667,15.0415
9.184242,3.494064,13.99959
9.23101,3.459286,13.36708
9.249756,3.413612,13.05216
9.258011,3.392947,12.94155
9.261536,3.395228,13.27377
9.262207,3.446385,13.92006
9.519585,4.781955,14.65546
9.686676,5.885067,15.3757
9.774155,6.719433,16.11856
9.815773,7.145374,17.03282
9.833809,7.328205,17.97809
9.843025,7.494752,19.05402
9.847153,7.730687,20.08545
9.848907,7.8589,21.22308
9.717079,7.902412,22.02805
9.209244,7.816891,22.21687
8.562431,7.582639,22.05559
8.047417,7.228993,21.90897
7.726662,7.200041,22.11594
7.299446,7.200006,22.57899
6.73381,8.556618,23.22659
6.149849,9.592694,23.89476
5.480103,10.39019,24.65457
4.853203,10.7684,25.36049
3.608315,10.97337,26.75244
1.81266,11.06171,28.75636
0.3679123,11.04055,30.38139
-0.4671478,10.87127,31.39023
-0.9350433,10.51164,31.97536
-1.149109,9.986658,32.24307
-1.248238,9.326102,32.36703
-1.299706,8.462193,32.4314
-1.323593,7.492923,32.46127
-1.323372,7.200508,32.4715
-1.241562,7.222538,32.71675
-1.057289,7.666315,33.3587
-0.8497391,8.960613,34.10326
-0.6012039,9.952725,35.00369
-0.3633728,10.55967,35.88185
-0.1285248,10.88102,36.85143
0.05649567,11.02557,37.77635
0.1984177,11.03075,38.83916
0.4323425,10.99983,41.2995
0.5982208,10.93706,43.79463
0.5121384,10.69137,45.63142
0.3034515,10.29639,46.91843
0.008766174,9.683155,48.10233
-0.3360367,8.941515,49.0834
-0.6840134,7.984637,49.89032
-1.000702,7.057853,50.53622
-1.37365,7.000085,51.23074
-1.796638,7.000026,51.98999
-2.296059,7.024478,52.87511
-2.799652,7.024477,53.76268
-3.356453,7.024474,54.74161
-3.919144,7.024457,55.72968
-4.444786,7.024446,56.65216
-5.01474,7.024432,57.65215
-5.525803,7.117209,58.51672
-6.073143,7.213155,59.44327
-6.598145,7.205829,60.34846
-7.160423,7.14924,61.32648
-7.678749,7.123492,62.2319
-8.241234,7.109574,63.21649
-8.76487,7.103166,64.13403
-9.348465,7.099641,65.15717
-9.880585,7.098082,66.09029
-10.44212,7.097253,67.07513
-11.01155,7.096837,68.07388
-11.53296,7.096639,68.98845
-12.10344,7.096532,69.98909
-12.6252,7.096474,70.90451
-13.06239,7.096437,71.96008
-13.23805,7.096417,72.95047
-13.28113,7.09639,74.06056
-13.24097,7.096374,75.21506
-13.13786,7.096353,76.74051
-13.02069,7.483838,78.21036
-12.88413,9.53141,79.85419
-12.75316,10.8089,81.40732
-12.60931,11.43961,83.10066
-12.4791,11.63694,84.6324
-12.40819,11.64375,86.04324
-12.49977,11.47939,87.20241
-12.81038,11.1158,88.34552
-13.2242,10.57883,89.39978
-13.60072,9.928348,90.36496
-13.92847,9.021963,91.46715
-14.09996,8.047063,92.48071
-14.16328,7.032511,93.59639
-14.14301,7.000655,94.58273
-14.06802,7.032441,95.63499
-13.96863,7.032437,96.63899
-13.84269,7.032433,97.73553
-13.71544,8.459493,98.76306
-13.57104,9.526751,99.8853
-13.43465,10.22553,100.9239
-13.28008,10.63436,102.1088
-13.19398,10.81041,103.1692
-13.22995,10.85311,104.2866
-13.34946,10.74857,105.3022
-13.52832,10.4687,106.4073
-13.71371,10.06087,107.4148
-13.92847,9.446967,108.5156
-14.15121,8.63695,109.6389
-14.32255,7.73362,110.6741
-14.45152,7.007342,111.7912
-14.53447,7.000691,112.7913
-14.60402,7.021697,113.8586
-14.66236,7.021694,114.8819
-14.72282,7.021684,116.0153
-14.77533,7.021673,117.0445
-14.81216,7.021657,118.1632
-14.80123,7.021643,119.1919
-14.75677,7.021633,120.3085
-14.69907,7.021619,121.3417
-14.62773,7.021604,122.4576
-14.55859,7.021592,123.4732
-14.45753,7.02158,124.6044
-14.31494,7.021566,125.6514
-14.06329,7.021548,126.7778
-13.71397,7.021533,127.7566
-13.16872,7.021516,128.7693
-12.45353,7.021499,129.6637
-11.65706,7.021485,130.407
-10.73546,7.021471,131.147
-9.877632,7.021457,131.8329
-8.904167,7.021439,132.5648
-7.892281,7.021423,133.2056
-6.816254,7.021405,133.7549
-5.595047,7.021384,134.2064
-4.183167,7.021366,134.4923
-2.475861,7.021351,134.7293
-0.8776779,7.699691,134.9107
0.916748,9.881337,135.1041
2.75383,11.07047,135.2985
4.46785,11.48498,135.4785
6.093216,11.58889,135.6395
7.32016,11.48298,135.7529
8.546829,11.15894,135.8607
9.70565,10.65185,135.9576
10.96555,9.885238,136.0319
12.21172,8.901035,136.0022
13.38368,7.752427,135.8184
14.58691,7.002334,135.5513
15.61608,7.027308,135.2744
16.74229,7.027307,134.7933
17.75148,7.027301,134.0841
18.5798,7.027287,133.2597
19.49008,7.027272,132.3798
20.54295,7.027254,131.7235
21.60225,7.027239,131.1866
22.63936,7.027226,130.4469
23.494,7.027208,129.6412
24.09956,7.798433,128.7112
24.36514,9.153454,128.2252
24.48046,9.784904,128.0147
24.44843,10.0855,128.296
24.32232,10.11045,128.8994
24.11263,9.896289,129.8392
23.86207,9.449524,130.9462
23.71976,8.798843,132.0478
23.8251,7.891667,132.7191
23.88245,7.007377,133.0204
23.90793,7.012024,133.0087
24.03762,7.023078,132.4887
24.22578,7.023073,131.6908
24.46751,7.023062,130.6501
24.73599,7.023046,129.488
24.99702,7.3735,128.3556
25.28336,8.941414,127.112
25.52513,9.92102,126.0599
25.69001,10.51724,125.1393
25.76199,10.77559,123.4537
25.86396,10.88367,120.4578
25.90405,10.85252,118.0135
26.02776,10.65137,116.3743
26.24129,10.2327,114.9011
26.49232,9.597982,113.5633
26.66635,8.735522,112.6997
26.75487,7.561184,112.2678
26.78961,6.283788,112.0984
26.80643,4.64399,112.0163
26.84045,3.579679,112.0429
26.72354,3.69584,112.3768
26.64131,3.790149,112.593
26.60742,3.828887,112.682
26.59323,3.845106,112.7193
26.64496,3.846699,112.6668
26.98763,3.682072,112.2941
27.56087,3.423846,111.6839
28.25587,3.450357,111.0031
28.87996,3.781081,110.4443
29.59856,4.09516,109.7136
30.15038,4.296687,108.7328
30.44555,4.702886,107.6646
30.65217,5.180823,106.4401
30.80737,5.405452,105.2545
31.11584,5.478309,104.0544
31.70151,5.312875,102.9892
32.36887,4.950894,102.0732
33.13823,4.333116,101.1296
33.55078,3.57702,100.6326
33.71843,3.446126,100.3526
33.73715,3.583158,100.2851
33.65959,3.531139,100.0204
33.54814,3.508888,99.35286
33.34201,4.211032,98.78435
33.04401,5.710155,98.33014
32.90233,6.657663,97.55316
32.81725,7.219283,96.56757
32.76164,7.483276,95.47934
32.72301,7.566278,94.44234
32.68466,7.481749,93.20581
32.5883,7.494413,90.69635
32.45361,7.627651,88.37323
32.42421,7.894962,87.23579
32.42628,7.702721,86.08177
32.44499,7.188812,84.94357
32.46783,7.227371,84.06427
32.54679,7.194478,82.91713
32.73649,7.162401,81.82535
33.12975,7.128756,80.72607
33.54468,7.096891,79.69531
33.91103,7.070684,78.54846
34.17259,7.05738,77.39095
34.35757,7.050216,76.22562
34.53687,7.044708,74.69579
34.69479,7.236288,73.09781
34.86446,9.38296,71.30989
35.02164,10.79283,69.62433
35.19218,11.48163,67.78084
35.3774,11.6991,66.06683
35.58769,11.6739,64.71771
35.87517,11.42418,63.40765
36.22823,11.00066,62.29071
36.70142,10.34151,61.15594
37.16102,9.547596,60.12866
37.63164,8.51358,59.03804
38.0933,7.251833,57.90927
38.49879,6.982843,56.89691
38.9077,7.017569,55.87454
39.33414,7.018579,54.79808
39.75633,7.050725,53.68954
40.10609,7.46688,52.84171
40.47978,7.958299,51.91068
40.86295,8.468573,50.94336
41.22731,8.95925,50.01268
41.58237,9.485843,49.00923
41.82748,9.973461,48.06929
41.99878,10.50539,47.02869
42.10822,10.99816,46.05309
42.23715,11.52517,45.00893
42.36679,12.01287,44.043
42.50922,12.53568,43.00746
42.64082,13.02656,42.05608
42.76233,13.57756,41.17622
42.9048,13.78122,40.1456
43.04329,13.71427,39.1438
43.19829,13.41384,38.02238
43.33797,13.20245,37.01169
43.47914,13.22405,35.99014
43.62021,13.22405,34.96912
43.77623,13.22405,33.83997
43.91878,13.22404,32.80811
44.07663,13.22402,31.66565
44.22163,13.224,30.61615
44.3765,13.22399,29.49519
44.53175,13.22398,28.37138
44.6739,13.22397,27.3425
44.82684,13.22395,26.23561
44.9738,13.22394,25.17184
45.13229,13.22393,24.02075
45.26593,13.22391,22.97049
45.3698,13.2239,21.82852
45.41594,13.22388,20.77202
45.42204,13.22386,19.6259
45.40089,13.22384,18.57111
45.36165,13.22383,17.45865
45.31526,13.22381,16.40799
45.25925,13.2238,15.26839
45.20375,13.22378,14.19967
45.14272,13.22376,13.05659
45.0808,13.22374,11.91428
45.02321,13.22372,10.8597
44.95915,13.22371,9.690788
44.88933,13.27728,8.699463
44.81874,13.20612,7.610138
44.75739,13.04809,6.582481
44.69327,12.74209,5.464203
44.63519,12.31724,4.43013
44.57231,11.69016,3.298782
44.51439,10.9517,2.251343
44.4474,9.904738,1.036987
44.39497,9.065483,-0.1038208
44.3499,8.726919,-1.310188
44.25478,8.281712,-3.027046
44.16217,7.869609,-4.68705
44.08348,7.359865,-6.107506
44.02406,7.002614,-7.183685
43.98795,7.034021,-7.806358
43.93205,7.212267,-8.67469
43.87056,7.252421,-9.724579
43.79942,7.15126,-10.92197
43.62329,7.085007,-11.99066
43.31163,7.050634,-13.08533
42.89073,7.034697,-14.06736
42.31343,7.306671,-15.09114
41.67126,9.226825,-16.21342
40.88147,10.72418,-17.57491
40.10288,11.38968,-18.90939
39.325,11.65785,-20.2856
38.89763,11.68099,-21.49706
38.69388,11.52166,-22.57981
38.79289,11.15158,-23.70952
39.20097,10.64157,-24.61765
39.82072,9.92506,-25.49232
40.48689,9.092544,-26.27068
41.23157,8.005579,-27.12339
41.87933,7.170443,-27.933
42.47511,7.185349,-28.7267
43.02556,7.38696,-29.57205
43.47412,8.862896,-30.57309
43.75534,9.802656,-31.55981
43.96101,10.47997,-32.51888
44.11873,10.81907,-33.42073
44.24776,10.97536,-34.24904
44.64478,11.06231,-37.022
45.03688,11.05647,-39.82661
45.26189,10.90993,-41.60876
45.42094,10.62704,-42.98119
45.60204,10.15607,-44.27722
45.79778,9.561814,-45.39262
45.96797,8.755298,-46.28941
46.0894,7.845834,-46.88483
46.30861,7.012823,-47.71829
46.6257,7.000016,-48.57288
47.02295,7.022508,-49.44813
47.43349,7.022506,-50.47391
47.8392,7.022498,-51.59146
48.25453,7.022482,-52.77158
48.61143,7.022463,-53.7934
48.95958,7.022452,-54.95212
49.10178,7.022436,-56.18427
49.02937,7.022426,-57.25111
48.81943,7.022403,-58.41036
48.72864,7.022388,-59.46364
48.88567,7.02238,-60.62162
49.12904,7.763433,-61.6185
49.40614,9.063675,-62.56912
49.67465,9.931029,-63.40851
49.94356,10.4833,-64.21526
50.21642,10.74546,-65.19377
50.41545,10.84436,-66.17646
50.60098,10.78923,-67.27014
50.87654,10.6557,-69.04982
51.30391,10.56783,-71.9637
51.41402,10.32941,-73.98326
51.36497,9.874475,-75.60556
51.34839,9.2736,-76.53581
51.33937,8.438435,-77.04146
51.33521,7.478771,-77.27446
51.33299,6.323859,-77.39335
51.33009,6.143513,-77.39369
51.33011,6.143043,-77.3938
51.35222,6.162228,-77.45537
51.49608,6.287272,-77.85551
51.69601,7.391759,-78.43869
51.95564,8.629423,-79.19541
52.24275,9.50561,-80.02328
52.52589,9.988346,-80.83613
52.83456,10.24971,-81.72028
53.40215,10.37438,-83.34967
54.31975,10.43923,-85.97536
55.04689,10.40966,-87.72353
55.82089,10.24711,-88.95829
56.56647,9.967136,-89.71034
57.4341,9.50507,-90.27864
58.30583,8.908431,-90.58929
59.25797,8.087179,-90.85513
60.0703,7.247719,-91.21663
60.90221,7.200059,-91.64276
61.70343,7.224573,-92.01894
62.69783,7.224572,-92.40437
63.63016,7.224559,-92.78708
64.64717,7.22455,-93.23724
65.58868,7.224537,-93.66795
66.62898,7.224524,-94.13763
67.60979,7.224507,-94.54675
68.6685,7.224493,-94.96178
69.67325,7.224474,-95.28125
70.77919,7.224459,-95.53928
71.91029,7.224445,-95.73033
72.93925,7.224432,-95.86386
74.06831,7.224414,-95.98467
75.13411,7.224394,-96.08451
76.27086,7.224385,-96.18272
77.32545,7.22437,-96.1769
78.40807,7.224362,-95.84764
79.32515,7.224351,-95.24765
80.19408,7.224328,-94.39678
81.0274,7.224315,-93.56583
81.92848,7.224303,-92.88426
83.02751,7.224288,-92.26662
84.02022,7.224274,-91.78407
85.11458,7.224257,-91.28584
86.14545,7.224247,-90.83105
87.29916,7.923283,-90.32941
88.39645,9.271397,-89.86387
89.33565,10.16078,-89.54715
90.31169,10.70863,-89.36154
91.31673,10.9488,-89.26164
92.45238,11.04951,-89.18971
93.54897,10.97924,-89.13194
95.0376,10.75345,-89.01855
97.81548,10.62348,-88.79326
100.3832,10.36855,-88.73775
101.852,9.851538,-88.89488
102.4962,9.191326,-88.96381
102.831,8.277458,-89.0042
102.6549,7.24414,-89.03416
102.3954,5.932152,-89.02705
102.1575,5.635946,-89.09536
102.272,5.648605,-89.18266
102.7655,5.717854,-89.32542
103.4494,5.970909,-89.51131
104.1863,6.693444,-89.72845
104.8374,8.195238,-89.98396
105.7441,9.291892,-90.26617
106.6759,9.953915,-90.55769
107.7371,10.31132,-90.89379
108.7374,10.4688,-91.21258
110.3068,10.50999,-91.71298
112.9162,10.5247,-92.54357
115.0952,10.43116,-93.2084
116.5791,10.19486,-93.62025
117.9368,9.768557,-93.96704
119.0721,9.218242,-94.24164
120.2593,8.434292,-94.52023
121.3272,7.46356,-94.76738
122.0295,7.002244,-94.92901
122.8636,7.086684,-95.11964
123.8163,7.086684,-95.33693
124.9555,7.08668,-95.59677
125.9825,7.086666,-95.83247
126.945,7.086649,-96.0564
127.3997,7.08664,-96.16159
127.6248,7.086633,-96.21364
127.7314,7.086626,-96.2383
127.8173,7.086613,-96.25439
128.2489,7.0866,-96.39655
128.8872,7.086576,-96.63742
129.7232,8.061876,-96.96373
130.4932,9.188658,-97.26769
131.2498,10.07377,-97.56784
131.9142,10.54616,-97.83216
132.7194,10.80612,-98.15301
133.5825,10.89197,-98.43898
135.4684,10.20354,-98.64936
135.5644,10.21548,-98.68001
135.9215,10.27655,-98.58546
136.3719,10.1991,-98.39398
136.6146,10.15767,-98.29069
136.729,10.13813,-98.242
136.7898,10.12773,-98.21612
136.9387,10.14644,-98.15337
137.4274,10.27163,-97.95287
137.7568,11.39324,-97.74444
138.2229,12.63096,-97.48803
138.7903,13.50322,-97.22702
139.338,13.96921,-96.99217
140.1621,14.23002,-96.65485
142.1546,14.35152,-95.86023
144.5977,14.40267,-94.89439
146.1592,14.34524,-94.29351
147.5149,14.13709,-93.78549
148.5764,13.79474,-93.37149
149.5825,13.25483,-92.89922
150.3362,13.00109,-92.40478
150.7987,13.07426,-91.73131
150.9899,13.07426,-90.83134
151.1235,13.07426,-89.69649
151.2726,13.07425,-88.55067
151.3744,13.07424,-87.42892
151.4377,13.07422,-86.24945
151.4695,13.07421,-85.1443
151.4858,13.0742,-83.94554
151.4807,13.07419,-82.82928
151.402,13.07417,-81.63243
151.2104,13.07416,-80.53796
150.8806,13.07415,-79.38971
150.4709,13.07413,-78.26396
150.0401,13.07411,-77.22097
149.5521,13.07409,-76.13285
149.0764,13.07407,-75.11638
148.5524,13.07406,-74.03044
147.9637,13.07405,-73.04884
146.9949,13.07404,-72.10921
145.6972,13.07404,-71.14566
144.4763,13.9413,-70.15625
143.082,16.07289,-69.00322
141.7953,17.11266,-67.93516
140.3851,17.54779,-66.76173
139.2242,17.64164,-65.74593
138.2089,17.52294,-64.77939
137.2959,17.18555,-63.84462
136.4465,16.68431,-63.04971
135.4915,15.9316,-62.24535
134.6312,15.05102,-61.50195
133.6977,13.91004,-60.73277
132.8186,12.66147,-60.03562
132.0902,11.14486,-59.14042
131.4406,9.436806,-58.16291
130.6953,7.799734,-57.3921
129.8813,7.00221,-56.71147
129.1533,7.022743,-56.172
128.2636,7.022936,-55.54351
127.3839,7.022933,-54.93428
126.5073,7.022921,-54.19304
125.9587,7.022902,-53.23441
125.5261,7.022892,-52.24391
124.896,8.429909,-51.27263
124.1473,9.487666,-50.49987
123.4414,10.26755,-49.8845
122.6654,10.63345,-49.28464
121.8167,10.81703,-48.55369
121.1221,10.8366,-47.74271
120.5023,10.67566,-46.76261
119.4647,10.47578,-44.80766
118.189,10.34415,-42.34852
117.2355,9.973647,-40.42018
116.5762,9.402075,-39.01382
115.9813,8.551287,-37.69217
115.5257,7.585246,-36.57279
115.2263,7.001569,-35.57944
115.1617,7.071378,-34.70839
115.3227,7.071377,-33.74336
115.6925,7.071374,-32.70149
116.1357,7.071358,-31.71069
116.6614,7.071341,-30.63902
117.1892,7.071322,-29.60632
117.7447,7.071306,-28.53961
118.2326,7.071294,-27.42884
118.5014,7.071279,-26.34917
118.5746,7.07126,-25.15735
118.4966,7.071249,-24.04427
118.3115,7.071236,-22.85133
117.9704,7.071224,-21.78438
117.3217,7.071213,-20.80943
116.5051,7.0712,-20.01554
115.6475,7.071188,-19.32541
114.6302,7.071175,-18.68501
113.5844,7.071161,-18.31741
112.13,7.071144,-18.04865
110.5784,7.071126,-17.85008
108.866,8.323003,-17.66309
107.0852,10.28028,-17.47541
105.4081,11.20222,-17.30116
103.5823,11.57134,-17.11277
102.1318,11.63707,-16.96431
100.7317,11.49129,-16.81625
99.57161,11.16468,-16.56533
98.46408,10.62053,-16.09324
97.50127,9.939246,-15.56164
96.49425,9.013921,-14.94038
95.49281,7.879358,-14.28894
94.5992,7.016177,-13.69371
93.85767,7.013525,-13.08324
93.40028,7.957305,-12.24478
93.06651,9.218321,-11.2128
92.82294,10.07858,-10.14667
92.63782,10.56394,-8.986084
92.49445,10.78793,-7.713112
92.24458,10.88891,-5.125572
91.98579,10.91289,-2.475922
92.08171,10.80158,-0.8900604
92.62775,10.50621,0.3143463
93.47884,10.0107,1.154709
94.49117,9.313867,1.750206
95.47786,8.405396,2.121719
96.07683,7.377247,2.286804
96.89909,7.200116,2.405701
97.82761,7.199994,2.534004
98.89079,7.221552,2.782516
99.89932,7.22155,3.191757
100.9301,7.221539,3.737679
101.9495,7.221526,4.337616
102.8974,7.221513,4.92408
103.9162,7.221499,5.553146
104.8682,7.221486,6.139259
105.8932,7.221476,6.769119
106.8452,7.221457,7.394226
107.6977,7.221442,8.198486
108.2563,7.221432,9.1931
108.4591,7.221416,10.22087
108.2421,7.221392,11.27612
107.7167,7.221382,12.15533
106.9011,7.221367,12.94711
105.9374,7.221349,13.52032
104.8315,7.221334,13.89907
103.6669,7.221321,14.12243
102.5842,7.221309,14.15923
101.434,7.221297,14.04163
100.367,7.221285,13.87743
99.21886,7.221268,13.73283
98.1335,7.221256,13.63773
96.99159,7.221245,13.55539
95.92732,7.221224,13.48473
94.77232,7.221211,13.48776
93.67935,7.2212,13.77094
92.75879,7.802047,14.24815
91.86803,9.172101,14.85992
91.17329,10.08702,15.4435
90.51358,10.69432,16.16757
89.55498,10.95623,17.74277
88.11032,11.0625,20.35194
87.38872,10.98296,22.19206
86.8882,10.74861,23.48093
86.17738,10.30412,24.58923
85.41765,9.720535,25.43571
84.83736,8.912807,26.0983
84.50801,7.976066,26.64043
84.2346,7.020609,27.51752
84.07802,7.000022,28.40854
83.99538,8.050726,29.35599
84.12309,9.288885,30.43956
84.52979,10.09816,31.36536
85.12871,10.56177,32.30133
85.77376,10.77473,33.16583
86.50209,10.84786,34.07599
87.25063,10.76586,34.97971
89.0136,10.68548,37.07613
90.64688,10.56665,39.0127
91.90663,10.21792,40.50398
92.7928,9.651619,41.75729
93.22917,8.94228,42.8812
93.40834,7.999404,44.06071
93.47095,7.047145,44.83588
93.51216,7.064431,45.57806
93.52486,7.064431,46.50624
93.43382,8.172172,47.58806
93.23103,9.371941,48.6974
92.98976,10.17381,49.75877
92.70024,10.62622,50.90385
92.42216,10.8219,51.94012
92.11276,10.86298,53.06285
91.82072,10.73186,54.10895
91.14442,10.58492,56.51373
90.42589,10.46219,59.06572
89.87148,10.09828,61.03278
89.46234,9.548136,62.483
89.08971,8.766237,63.80298
88.72607,7.757437,65.04701
88.43246,7.008957,65.97015
88.14798,7.062881,66.8385
87.77406,7.062879,67.75993
87.29695,7.062876,68.78828
86.76744,7.103897,69.72684
86.11227,7.137459,70.71703
85.52287,7.15181,71.62358
84.92181,7.159286,72.62508
84.51765,7.162783,73.68143
84.38863,7.164371,74.73141
84.41518,7.165181,75.87775
84.56586,7.165534,76.94353
84.87306,7.165713,78.01682
85.32275,7.165784,78.97398
85.98053,7.167027,79.90053
86.74731,7.168709,80.63329
87.69838,7.169568,81.24768
88.72887,7.169966,81.70737
89.76375,7.799639,82.11099
90.69991,9.172768,82.67516
91.45528,9.897786,83.33987
92.30513,10.28632,84.25024
93.04295,10.41576,85.10437
93.83005,10.34145,86.04526
94.64012,10.03783,87.02647
95.40788,9.570963,87.8618
96.31819,8.874765,88.64622
97.24367,7.992896,89.37602
98.13039,7.021371,90.02495
98.47362,7.000035,90.26865
98.62453,7.025014,90.37576
98.7058,7.025012,90.43347
98.86037,7.025003,90.5218
99.30589,7.417777,90.8996
99.86755,8.804041,91.4243
100.4946,9.828119,92.11736
100.9946,10.41033,92.85501
101.4626,10.71547,93.72748
101.8717,10.845,94.66321
102.2509,10.79428,95.61494
102.7962,10.51668,96.58047
103.2328,10.07673,97.10394
103.4606,9.348525,97.37643
103.6563,9.315823,97.70569
104.1067,9.638998,98.25601
104.7262,10.88112,98.80203
105.4904,12.46481,99.38832
106.2648,13.51595,100.0811
107.0773,14.02459,100.9652
107.8365,14.22791,101.8613
108.8735,14.25917,103.1301
110.892,14.23732,105.6085
112.1826,14.07594,107.1162
113.2673,13.72822,108.3142
114.1605,13.22812,109.2666
115.0477,13.00064,110.1252
115.7606,13.0725,110.7972
116.5377,13.0725,111.5925
117.2317,13.07249,112.3381
117.8945,13.07248,113.2089
118.2925,13.07247,114.1151
118.4085,13.07246,115.1385
118.3148,13.07244,116.1063
118.0727,13.07243,117.2038
117.7886,13.07242,118.1806
117.3875,13.0724,119.1806
116.8673,13.07239,120.1377
116.3233,13.07237,120.9807
115.6451,13.07235,121.842
114.9331,13.07234,122.5498
114.0611,13.07232,123.214
113.1975,13.07231,123.7395
112.2282,14.17789,124.2547
111.3222,15.24856,124.7346
110.3843,16.01037,125.3185
109.3482,16.36719,126.0784
107.089,16.57033,127.7903
105.3234,16.62935,129.1941
104.0335,16.54177,130.4326
103.3011,16.32149,131.4652
102.6863,15.91534,132.5521
102.0921,15.37025,133.4885
101.4746,14.60058,134.1305
100.8792,13.6851,134.4272
99.98907,13.00563,134.5447
99.11287,13.00001,134.5534
98.08873,13.02451,134.5091
96.98494,14.13874,134.4159
95.98289,15.21382,134.2593
94.95915,16.06411,134.0426
94.02367,16.51555,133.8146
92.96124,16.75909,133.537
91.96469,16.84798,133.2684
89.78731,16.86854,132.6726
87.23247,16.85849,131.9717
85.22548,16.70538,131.4489
83.76302,16.40452,131.2182
82.42802,15.91287,131.2136
81.29906,15.29813,131.3209
80.24678,14.47377,131.4451
79.53932,13.48438,131.4966
78.57616,13.20023,131.4176
77.73442,13.2,131.3329
77.37437,13.22493,131.3011
77.17613,13.22492,131.2836
77.09567,13.22491,131.2765
77.05327,13.22489,131.2728
77.033,13.22486,131.271
77.02501,13.22486,131.2703
76.7596,13.22484,131.3491
76.16707,13.22483,131.5348
75.3194,13.22482,131.7935
74.3788,13.43483,132.0722
73.29874,14.96727,132.3859
72.2231,16.0082,132.6821
71.34375,16.61512,132.8061
70.28746,16.91891,132.7676
69.23021,17.04322,132.6516
68.05528,16.99878,132.4852
66.96025,16.78321,132.3143
65.75247,16.34992,132.2055
64.59894,15.78867,132.3189
63.76529,15.93308,132.5591
62.90172,16.30527,132.627
62.3875,18.02486,132.9227
61.54985,19.21402,132.8731
60.78275,19.87984,132.603
60.04964,20.22754,132.1395
59.33156,20.3703,131.5263
57.56723,20.42784,129.868
55.4938,20.42291,127.9429
54.04289,20.28099,126.8766
52.71689,19.96692,126.2086
51.47583,19.46819,125.7826
50.69586,19.20035,125.5505
50.52092,19.28021,125.4985
50.39464,19.2802,125.4609
50.33746,19.2802,125.4439
50.30177,19.28019,125.405
50.12706,20.31883,124.9482
49.8662,21.47107,124.3265
49.54919,22.33702,123.5943
49.25493,22.78188,122.9234
48.87589,23.02363,122.1246
48.19334,23.1228,120.9501
46.70486,23.17095,118.4708
45.43391,23.11531,116.7394
44.73248,22.92444,115.9252
44.37195,22.5536,115.4247
44.21098,22.04711,115.187
44.12498,21.31793,115.06
44.08626,20.47145,115.0028
44.09023,19.35413,114.827
44.24583,19.18227,114.5651
44.74854,20.78793,114.3298
45.07541,21.85464,113.5385
45.39503,22.40557,112.1097
45.99373,22.62788,108.6807
46.29674,22.59958,106.228
45.95555,22.36184,105.0719
45.16161,21.85838,104.5971
44.2523,21.10945,104.7254
43.35902,20.18191,105.088
42.28708,19.03793,105.4096
41.24057,19.0878,105.4551
40.17656,19.17557,105.3609
38.9602,19.20432,105.1171
37.73439,19.17336,104.6729
36.77619,19.16117,104.0022
36.08194,19.15581,103.1523
35.62177,19.15333,102.2106
35.32137,19.15202,101.0641
35.16832,19.15145,99.99014
35.06737,19.15113,98.81631
34.93965,19.15099,97.63248
34.80518,19.15092,96.52985
34.82852,19.15086,95.3692
35.04283,19.15084,94.3074
35.42815,19.15082,93.21475
35.8427,19.1508,92.21552
36.34863,19.15079,91.14763
36.88788,19.15078,90.09752
37.34656,19.15077,89.00723
37.6834,19.15075,87.88617
37.94156,19.15074,86.79193
38.16293,19.15074,85.62981
38.34663,19.15072,84.54367
38.53532,19.1507,83.35799
38.70244,19.15069,82.27557
38.97986,19.15067,81.11784
39.49567,19.15066,80.06946
40.1469,19.15065,79.21246
41.07419,19.15064,78.58217
42.06181,19.15063,78.24712
43.18329,19.1506,77.97917
44.25104,19.15058,77.71286
45.38701,19.15057,77.42453
46.466,19.15056,77.15576
47.65312,19.15055,76.93648
48.81934,19.15055,76.82748
49.92116,19.15054,76.77135
51.0761,19.15052,76.58574
52.09212,19.5479,76.21565
53.05061,21.00974,75.64214
53.73219,21.94284,75.04178
54.26772,22.56899,74.33636
54.72557,22.84241,73.49445
55.44269,22.98498,71.98961
56.6993,23.04844,69.32425
57.8233,23.02081,67.51939
58.94234,22.84522,66.28355
59.94168,22.52452,65.45604
60.99382,21.997,64.7438
61.76268,21.31363,64.67615
62.30067,20.40804,64.73587
63.10954,19.28137,64.98788
64.00563,19.00038,65.20544
64.98473,19.0252,65.17776
65.55315,18.99832,64.97542
65.56367,18.99447,64.95796
65.55592,18.9915,64.95345
65.5421,18.99995,64.67406
65.41255,19.00006,64.01604
65.29381,19.00011,63.10892
65.32021,19.00014,62.18149
65.51643,19.00014,61.1376
65.88591,19.00013,60.0994
66.43498,19.00011,59.23228
67.26857,19.00009,58.58578
68.18359,19.00008,58.30368
69.08469,19.00007,58.45068
69.32315,19.00005,58.99284
69.10411,19.00004,59.76424
68.6454,19.00002,60.54689
68.15569,19.00002,61.26724
67.91969,19.00001,61.61224
67.85408,19,61.68071
67.952,19,61.29749
68.14253,18.99999,60.59338
68.38931,19,59.69839
68.64616,19,58.77725
68.96071,19.87765,57.6813
69.25299,21.05004,56.68207
69.53873,21.9597,55.71313
69.8017,22.45493,54.86806
70.21217,22.71656,53.9109
70.72894,22.82035,53.05551
71.36841,22.77351,52.1389
71.98909,22.57549,51.30588
72.75725,22.19169,50.53006
73.72908,21.61246,50.05411
75.77065,21.19387,49.44365
78.50815,20.87404,48.68922
80.33524,20.28901,48.29977
81.90604,19.37279,48.04773
83.18813,18.2713,47.81366
84.39073,16.93275,47.53589
85.34547,15.5306,47.29095
86.08379,13.89244,47.09406
86.88979,12.31488,46.87077
87.88783,10.56744,46.59927
88.86411,8.941171,46.33725
89.93007,7.25012,46.05296
90.8916,7.000441,45.76857
91.67497,7.025026,45.20615
92.0558,7.025025,44.33917
92.16853,7.02502,43.41707
92.09219,7.025009,42.34087
91.82001,7.713448,41.36945
91.39153,9.011545,40.36108
90.85838,9.879831,39.47485
90.17122,10.45306,38.58908
89.48042,10.71272,37.80826
88.19086,10.85075,36.44376
86.33725,10.91311,34.49017
84.9735,10.88368,32.75848
84.28539,10.73159,31.46761
83.8423,10.41158,30.19733
83.6817,9.968884,29.1095
83.83316,9.324526,28.12137
83.97076,8.581895,27.58144
84.32033,7.600266,26.93735
84.84726,7.003829,26.17303
85.38391,7.009654,25.45314
86.00581,7.021873,24.6456
86.62444,7.173269,23.85385
87.30128,8.631639,22.99355
87.92992,9.561775,22.19725
88.61147,10.26831,21.33537
89.24387,10.61009,20.53635
90.47371,10.79975,18.98332
92.13661,10.88437,16.88377
93.52238,10.86468,15.21917
94.60817,10.71539,14.20825
95.71867,10.39795,13.438
96.74481,9.949432,12.98248
97.84184,9.287029,12.74896
98.56224,8.522792,12.69674
99.47458,7.505269,12.81816
100.3897,7.200873,12.8666
101.4249,7.204439,12.86803
102.4647,7.22472,12.85311
103.5051,7.224715,12.8391
104.668,7.224705,12.82803
105.8174,7.22469,12.87608
107.2234,7.22468,13.17772
108.6196,7.224663,13.65903
110.1061,8.462749,14.27941
111.5537,10.26231,14.90088
113.1227,11.29669,15.58139
114.597,11.68035,16.22394
116.0351,11.79326,16.80283
117.1955,11.72056,17.19113
118.3682,11.4649,17.52669
119.364,11.0303,17.8264
120.2203,10.45458,18.14621
120.7163,9.66194,18.32936
120.9404,8.780878,18.41209
121.3316,7.663574,18.69148
121.8483,7.158278,19.09003
122.4517,7.175476,19.56526
123.1577,7.178675,20.12408
123.9872,7.923432,20.75281
124.8061,9.111778,21.33061
125.7082,10.02782,21.9429
126.5655,10.56591,22.51367
127.7988,10.85906,23.30637
129.9868,10.99427,24.69344
131.9998,11.0325,25.84689
133.4699,10.93681,26.39491
134.8072,10.67965,26.68842
135.9275,10.28799,26.95178
136.9152,9.680854,27.51266
137.4306,8.9772,28.13095
137.6994,8.047737,28.60114
137.8356,7.051517,29.3336
137.9769,7.931551,30.09883
138.1649,9.105099,30.96269
138.3732,9.900267,31.86105
138.6164,10.40578,32.8846
138.8506,10.64246,33.85963
139.148,10.75858,34.89175
139.5753,10.72594,35.68324
140.2662,10.52833,36.43364
141.0107,10.18789,37.09761
141.8034,9.650669,37.85718
142.5623,8.997972,38.53726
143.4817,8.125341,39.12943
144.4277,7.18853,39.5181
145.4313,7.085587,39.63023
146.3619,8.400361,39.55769
147.4225,9.40949,39.40628
148.4263,10.03183,39.35869
149.8822,10.36982,39.5835
152.4318,10.52769,40.06075
154.8072,10.57494,40.58463
156.5073,10.4643,41.07007
157.7743,10.20884,41.5009
158.982,9.764053,41.95573
160.0229,9.198087,42.23352
161.0659,8.422445,42.11774
161.9553,7.534484,41.72543
162.7421,7.002714,41.17117
163.39,7.012228,40.67407
164.1867,7.021865,40.07867
164.9908,7.021859,39.53532
165.9481,7.021847,38.99289
166.8878,7.021827,38.51053
167.9123,7.021813,38.11583
168.8968,7.021802,37.84856
169.9826,7.021787,37.62987
171.0067,7.021773,37.49065
172.1057,7.021759,37.39172
173.1305,7.021742,37.32922
174.2519,7.021726,37.28046
175.3694,7.021717,37.24333
176.4021,7.021698,37.21463
177.5241,7.021687,37.18681
178.5507,7.021672,37.16283
179.6758,7.021657,37.14282
180.7144,7.02164,37.11209
181.8039,7.021628,37.02161
182.8206,7.021612,36.87701
183.8842,7.021598,36.63739
184.8576,7.021582,36.35989
185.915,8.029823,36.02267
186.8792,9.12059,35.69693
187.963,9.854177,35.3009
190.0442,10.19866,34.47397
192.5568,10.3762,33.46255
194.159,10.37354,32.81212
195.5631,10.19602,32.26605
196.6633,9.868558,31.75719
197.5542,9.346066,31.01915
198.2173,8.701873,30.26477
198.6839,7.848204,29.77596
199.2268,7.030222,29.42926
199.9722,7.00004,29.08676
200.7913,7,28.75787
201.7321,7.020508,28.40079
202.6646,8.288185,28.05602
203.6882,9.380758,27.68236
204.7133,10.11026,27.31058
205.671,10.46217,26.96432
206.7124,10.65444,26.58835
207.6749,10.70191,26.24115
209.9091,10.6986,25.43568
212.3089,10.67123,24.57062
214.2189,10.48911,23.88487
215.5823,10.17152,23.46292
216.8767,9.663117,23.16847
217.9839,9.041587,23.01234
219.0532,8.212191,22.96793
219.7088,7.288927,22.97398
220.5143,7.000402,23.06181
221.3594,6.999999,23.14061
222.3761,7.015752,23.21939
223.3616,7.023564,23.34334
224.423,7.023561,23.50999
225.3947,7.023551,23.57602
226.4797,7.023538,23.57539
227.4898,7.023528,23.53873
228.5952,7.023509,23.47882
229.6118,7.023495,23.42725
230.6964,7.023479,23.39972
231.7116,7.023465,23.38988
233.03,7.023449,23.42879
234.3965,7.023433,23.56348
235.9474,8.810166,23.74542
237.5491,10.44057,23.9368
239.1181,11.26002,24.12582
240.8317,11.61993,24.32544
242.155,11.70085,24.40141
243.5028,11.58874,24.40283
244.6395,11.30673,24.36372
245.816,10.82326,24.30151
246.8783,10.214,24.23492
248.0762,9.332141,24.1539
249.1054,8.41087,24.0817
250.2443,7.229364,24.00043
251.2811,7.000412,23.9258
252.3643,7.035742,23.8475
253.4461,7.035741,23.76913
254.6215,7.035735,23.6839
255.7258,8.217737,23.63765
256.587,9.312324,23.71124
257.5397,10.15591,24.03586
258.466,10.58362,24.49808
259.4333,10.79813,25.05103
260.3522,10.86013,25.5446
261.381,10.76456,25.99808
262.3738,10.51348,26.38843
263.2515,10.077,26.69058
263.6662,9.516293,26.82961
264.0748,8.733798,27.19012
264.4814,8.197177,27.7533
264.5256,8.899427,27.91313
264.5496,9.295776,27.99957
264.2907,9.451531,27.98792
263.6209,9.031062,27.77751
262.9247,8.162531,27.50171
262.5125,7.51565,27.37779
262.4335,7.509193,27.37773
262.3928,7.510006,27.37866
262.4423,7.498687,27.46855
262.6571,7.468637,27.83839
262.7814,7.471732,28.06219
262.8364,7.49294,28.16777
262.9373,7.528171,28.27989
263.1497,8.133883,28.54265
263.2911,9.456119,28.82396
263.6903,10.43184,29.25061
264.1163,11.08694,29.6593
264.649,11.39385,30.13873
265.4118,11.56037,30.81555
267.0401,11.77784,32.24158
268.5419,12.36966,33.5257
269.5497,12.54176,34.39709
270.4657,12.45094,35.20074
271.0629,12.15222,35.81122
271.21,11.63357,36.06906
271.1312,10.993,36.07474
271.095,10.13178,35.9935
271.0903,9.199088,35.92557
271.0876,8.01893,35.88765
271.0864,6.769302,35.86972
270.9842,5.313802,36.09827
270.7688,3.852423,36.58736
270.4626,2.196595,37.28259
270.1419,1.211823,37.98666
269.6961,1.201512,38.69565
269.1164,1.225743,39.28021
268.2769,1.22574,39.70789
267.3422,1.225734,39.90329
266.3221,1.225719,40.05312
265.3644,1.225706,40.24953
264.3563,1.225693,40.58498
263.4485,1.225677,40.9243
262.3986,1.225664,41.1062
261.4789,1.225652,41.00922
260.47,1.225635,40.76051
259.5179,1.225621,40.55002
258.4614,1.22561,40.4696
254.864,1.225589,41.97032
253.979,1.225567,42.80112
253.3664,1.225552,43.67409
252.9094,1.225542,44.73
252.4745,1.225525,45.72127
251.7527,1.22551,46.57382
250.8526,1.2255,47.08386
249.7761,1.225487,47.26317
248.6518,1.225474,47.16451
247.5419,1.225461,46.9435
246.214,1.225446,46.58832
244.7824,1.225428,46.13536
243.2063,1.352839,45.60388
241.7059,3.331186,45.08791
240.0147,4.920486,44.50316
238.3252,5.582433,43.91759
236.7663,5.776393,43.39922
235.376,5.75487,43.00732
234.1798,5.544101,42.71579
232.9271,5.108452,42.50775
231.8111,4.529921,42.48834
230.6418,3.728409,42.57327
229.5684,2.81626,42.69902
228.2496,1.465674,42.88318
227.1266,1.20321,43.05083
226.0354,1.227356,43.16058
224.8178,1.227353,43.19736
223.6241,1.227347,43.19221
222.2771,1.227333,43.1599
220.9415,1.227314,43.10934
219.8207,1.576932,43.0603
218.63,3.046313,43.00671
217.5336,3.849258,42.95708
215.6926,4.268865,42.87329
212.6684,4.463369,42.73535
210.5072,4.484936,42.64163
208.7747,4.320415,42.62088
207.4398,3.994049,42.6958
206.1507,3.450078,42.90523
205.1945,2.776905,43.24942
204.4449,1.855031,43.64166
203.679,1.206982,44.04443
202.855,1.200001,44.35251
201.9022,1.221212,44.65775
200.9166,1.22121,44.95438
199.8911,1.326181,45.27029
198.8866,1.377759,45.56787
197.7374,2.070617,45.90144
196.6919,3.353441,46.20209
195.5475,4.337093,46.52974
194.5272,4.868113,46.82124
193.5004,5.141509,47.11432
192.4329,5.250444,47.41885
191.3892,5.195885,47.71573
190.4281,4.952048,47.97543
189.9302,4.549924,48.10361
189.9546,4.253402,48.06306
189.9566,4.220191,48.0253
190.0043,5.705918,47.56894
190.0782,6.732037,46.90701
190.1558,7.496989,46.05873
190.1848,7.861933,45.16055
190.1375,8.023957,44.27945
189.9541,8.025621,43.35806
189.6353,7.855539,42.55173
189.0593,7.479391,41.8474
188.4205,7.021197,41.28999
187.8132,7.00001,40.76706
187.2486,6.99998,40.1709
186.7567,6.999979,39.36093
186.6627,6.999981,38.4147
186.8499,6.999978,37.53909
187.23,8.189044,36.59714
187.6981,9.260894,35.69571
188.2914,9.984832,34.7916
189.051,10.32001,33.96588
190.9112,10.50616,32.16382
192.6727,10.57304,30.5778
194.0591,10.51015,29.57883
195.1991,10.31533,29.01248
196.3566,9.951177,28.65387
197.3866,9.473976,28.50839
198.4842,8.793694,28.52768
199.4195,8.000072,28.60886
200.0373,7.080945,28.67091
200.5416,7.000192,28.76765
201.3248,6.999995,28.86543
202.164,7.003792,28.85979
203.1466,7.874302,28.78008
204.1085,9.000829,28.66321
205.1643,9.875767,28.49902
206.1344,10.34254,28.28619
207.0703,10.59603,28.02342
208.0045,10.70233,27.69598
210.2221,10.74838,26.84476
212.5123,10.7505,25.94867
214.3007,10.62791,25.18913
215.5908,10.3802,24.62578
216.8418,9.949763,24.15703
217.8923,9.418212,23.83527
218.9912,8.677063,23.54578
219.6739,7.857418,23.37782
220.3156,7.016564,23.27588
221.0486,7.000045,23.24905
221.9766,6.999999,23.29036
222.8659,7.022845,23.34543
223.8934,7.0229,23.42648
224.8577,7.023451,23.52654
225.9265,7.023757,23.6497
226.912,7.023898,23.73708
228.0286,7.023974,23.81926
229.0279,7.023991,23.88956
230.1116,7.023998,23.9668
231.3032,7.023995,24.05164
232.7501,7.023982,24.15114
234.1154,7.023968,24.23993
235.5501,8.098579,24.3255
236.9958,9.858541,24.40996
238.598,10.96716,24.50279
240.2369,11.4442,24.59738
241.6561,11.58159,24.67636
242.9531,11.55539,24.74278
244.0505,11.38,24.79578
245.2129,11.01858,24.84995
246.2161,10.55477,24.89668
247.3162,9.879016,24.95119
248.323,9.106207,25.02382
249.3983,8.117167,25.14056
250.3955,7.101952,25.27345
251.3394,7.004874,25.41139
252.2154,7.027949,25.54575
253.2417,7.027948,25.70639
254.2078,8.372353,25.86037
255.2746,9.436259,26.06943
256.2339,10.14129,26.31241
257.2696,10.56334,26.61038
258.2324,10.7628,26.85744
259.2831,10.85226,27.07747
259.9363,10.80337,27.20616
260.3078,10.60127,27.27937
260.5331,10.27148,27.32474
261.1148,9.746841,27.47031
261.641,9.125344,27.64842
261.9368,8.293761,27.7486
262.0817,7.460337,27.8116
262.1634,7.412794,27.9278
262.296,7.451042,28.03745
262.6814,7.584188,28.42007
262.8415,8.984575,28.79272
263.235,10.0207,29.3045
263.6763,10.70924,29.80119
264.2776,11.12409,30.43393
264.8669,11.30967,31.03561
266.0251,11.40143,32.17178
267.1125,11.97045,33.53645
268.1993,12.31872,34.68613
268.926,12.3478,35.28593
269.3335,12.14306,35.62224
269.4412,11.74871,35.65123
269.2448,11.33319,35.30295
268.967,11.3073,34.92181
268.494,11.14869,34.31638
267.9808,11.0372,33.72522
267.7363,11.14594,33.46451
267.6906,11.1624,33.48764
267.8323,11.02813,33.8786
268.1011,11.86708,34.68381
268.4841,12.90973,35.63664
268.8391,13.617,36.36472
269.3975,14.03506,37.25661
270.6512,14.2311,39.13959
272.0464,14.31924,41.1463
273.0624,14.26222,42.44214
273.9245,14.0504,43.46269
274.621,13.70593,44.29303
275.3314,13.16501,45.11902
275.9615,13.01717,45.88396
276.4814,13.06394,46.55365
277.0546,13.06394,47.40115
277.4855,13.06393,48.24525
277.8276,13.06392,49.2359
278.038,13.06391,50.18518
278.1882,13.0639,51.24663
278.2786,13.06389,52.22467
278.3927,13.06388,53.27849
278.5374,13.06387,54.27771
278.7113,13.06385,55.34061
278.8796,13.06383,56.31934
279.0681,13.06381,57.39258
279.2403,13.0638,58.36411
279.4278,13.06378,59.41727
279.6035,13.06378,60.40118
279.7953,13.06376,61.47638
279.9756,13.06374,62.4996
280.1908,13.06374,63.84639
280.3448,13.80037,65.21332
280.5104,15.73243,66.76852
280.6672,16.86556,68.25937
280.8395,17.4334,69.90656
280.9781,17.607,71.33638
281.0344,17.61305,72.67998
280.9755,17.46499,73.77872
280.8481,17.14326,74.91064
280.7083,16.70561,75.91209
280.5457,16.07402,76.98434
280.39,15.34362,77.97014
280.2166,14.38391,79.0466
280.0549,13.34746,80.04056
279.8812,12.08188,81.10226
279.7212,10.77764,82.07748
279.5381,9.169391,83.18988
279.3549,7.561003,84.25864
279.1639,7.000924,85.30235
278.9836,7.023462,86.24547
278.7579,7.023462,87.27924
278.4844,7.023458,88.20535
278.0615,7.023448,89.18669
277.5057,7.023431,90.01482
276.7339,7.023417,90.75513
275.8647,7.023399,91.2968
274.8081,7.023385,91.70999
273.6868,7.023372,92.00714
272.6047,7.023353,92.19785
271.4172,7.023341,92.33731
270.3198,7.023329,92.46674
269.1571,7.023317,92.64661
268.0707,7.023295,92.83389
266.9213,7.023282,93.05527
265.8335,7.02327,93.28503
264.5272,7.023257,93.57391
263.1387,7.023242,94.19818
261.933,7.023227,95.14778
260.4528,7.023214,96.00839
258.9429,7.023198,96.58507
257.2043,7.023179,97.07806
255.5211,7.023162,97.22824
253.8735,7.023149,97.09578
252.4616,7.023131,96.82503
251.2695,7.023119,96.50285
249.9822,7.023105,96.0965
248.9173,7.023086,95.70378
247.8011,7.023077,95.24875
246.7816,7.023061,94.81413
245.6953,7.023038,94.34171
244.683,7.023025,93.90005
243.5687,8.168916,93.45319
242.3737,9.415257,93.03815
241.2403,10.02583,92.78287
240.0263,10.32312,92.65813
238.8706,10.41671,92.69217
237.7509,10.30321,92.83328
237.21,9.992865,92.90814
236.8551,9.503297,92.89587
236.1,8.764902,92.66138
235.184,7.874176,92.34192
234.0763,7.007883,91.91165
233.1691,7.007123,91.47278
232.1885,7.026222,90.91653
231.1854,7.657699,90.30518
230.2605,8.944951,89.72374
229.4181,9.927475,89.18726
228.5707,10.47971,88.65762
227.5874,10.75259,88.08031
226.5529,10.85431,87.49144
224.1073,10.89606,86.10989
221.879,10.8581,84.97078
220.8511,10.67128,84.47118
220.321,10.29457,84.21355
220.3931,9.765691,84.30188
220.8966,9.014848,84.64548
221.112,8.215678,84.81775
221.3812,7.318407,85.04214
222.0276,6.120471,85.47415
222.816,4.809596,85.85875
223.8094,3.207194,86.02271
224.408,1.615051,85.6844
224.5343,1.200481,85.00212
224.311,1.224049,84.2804
223.856,1.224048,83.37759
223.3711,1.224044,82.48399
222.8905,1.224031,81.45877
222.5402,1.224017,80.42558
222.1671,1.224003,79.29077
221.6178,1.223988,78.25977
220.9587,1.223975,77.41794
220.1755,1.22396,76.57263
219.4103,1.223944,75.81207
218.5642,1.223931,75.0029
217.7644,1.223918,74.25143
216.9061,1.223903,73.45119
216.0786,1.223889,72.75613
215.1158,1.223875,72.11368
214.1086,1.22386,71.52368
213.1584,1.223845,71.00104
212.1268,1.223833,70.45088
211.1754,1.223818,69.95128
210.1422,1.223807,69.41275
209.1765,1.223793,68.91119
208.0918,1.223776,68.34892
207.0992,1.223763,67.83481
205.772,1.223748,67.12723
204.4658,1.223732,66.33974
203.0507,3.146464,65.40027
201.5791,4.799201,64.4122
200.2082,5.502656,63.4874
198.8126,5.759854,62.4711
198.0071,5.776545,61.4659
197.5896,5.596684,60.34935
197.4179,5.24983,59.28125
197.3483,4.698516,58.14154
197.3341,4.008041,57.06287
197.3306,3.072526,55.89171
197.2409,1.940865,54.72484
196.9966,1.204401,53.65747
196.5942,1.84319,52.75761
195.9893,3.13722,51.94954
195.1599,4.096594,51.24373
194.2932,4.635756,50.67084
193.2899,4.92459,50.08496
192.3597,5.039136,49.57442
191.3107,4.997082,49.01584
190.2721,4.769784,48.46449
189.5298,4.389879,47.97614
189.266,5.400124,47.31735
189.1512,6.196089,46.66539
189.1611,6.588637,46.08749
189.2774,5.919563,46.03342
189.3276,6.013486,46.0387
189.3303,6.075382,45.9996
189.3304,6.075375,46.00012
189.2048,5.96265,46.1828
189.103,5.509201,46.3338
189.087,4.714722,46.41129
189.2749,4.203524,46.73589
189.4421,4.218153,47.39651
189.4534,4.221516,47.8504
189.5275,5.443609,47.82776
189.4753,6.512462,47.41077
189.3882,7.309232,46.74509
189.3173,7.727117,45.94127
189.3194,7.90948,45.15735
189.3483,7.954326,44.28796
189.2149,7.836984,43.50777
188.794,7.532502,42.80788
188.2678,7.097358,42.22998
187.7265,7.000103,41.56979
187.5487,6.999982,40.84862
187.7012,6.999983,39.98166
188.1001,8.19329,39.13068
188.6558,9.354469,38.21271
189.1886,9.974964,37.26239
189.9898,10.25957,35.78151
191.4054,10.41049,33.15977
192.5026,10.44128,31.11523
193.3461,10.31796,29.49466
193.9625,10.04493,28.2821
194.6132,9.584778,27.19177
195.2785,9.010549,26.34355
195.9171,8.188658,25.67825
196.1949,7.336151,25.3904
196.3351,7.000515,25.24506
196.5957,7.019413,25.12164
197.1854,7.024435,24.95805
197.8927,7.02443,24.7953
198.785,7.024422,24.65974
199.6459,7.024406,24.76112
200.4548,7.024396,25.20923
201.1099,7.024378,25.82216
202.095,7.024363,26.53011
203.2412,7.024342,26.71652
204.6146,8.313113,26.56689
206.0488,10.00821,26.39607
207.6061,10.98582,26.20416
209.08,11.37825,26.01967
210.5405,11.50953,25.74149
211.6822,11.4721,25.42842
212.7656,11.27035,25.10092
213.6329,10.94203,24.78923
214.5806,10.42549,24.36664
215.4461,9.809848,23.93979
216.411,8.965257,23.45274
217.3175,8.056261,23.11424
218.3396,7.045864,22.97702
219.2313,7.004336,23.04297
220.1681,7.036033,23.24651
221.1359,7.036031,23.45616
222.1898,7.036027,23.69441
223.2559,7.03602,23.88936
224.2659,7.036004,24.00259
225.3425,7.035992,24.06169
226.3309,7.035977,24.08812
227.3984,7.035959,24.10237
228.3822,7.035947,24.1089
229.4801,7.035924,24.07907
230.4486,7.035911,23.94586
231.4887,7.035899,23.72581
232.4518,7.035888,23.48473
233.5239,7.035871,23.25992
234.5045,7.035861,23.159
235.5925,7.035852,23.16972
236.5863,8.352407,23.28705
237.6234,9.391438,23.47058
238.4427,10.0844,23.63515
239.3475,10.47088,23.81943
240.2649,10.65428,23.99446
241.2802,10.71763,24.18111
242.2448,10.64036,24.34531
243.3128,10.4008,24.49187
244.3081,10.03471,24.55237
245.3748,9.486784,24.55389
246.3497,8.84531,24.52489
247.4107,7.996339,24.47694
248.3876,7.078834,24.42407
249.3892,7.000165,24.36513
250.3062,7.025032,24.30901
251.3626,7.025033,24.30069
252.3529,7.025028,24.43823
253.3902,7.025019,24.66953
254.2876,8.231431,24.90503
255.2596,9.335995,25.18336
256.165,10.06571,25.45416
257.1671,10.52028,25.75989
258.1035,10.73753,26.0484
259.1265,10.84517,26.36522
260.1147,10.81205,26.67206
260.78,10.62864,26.87877
261.099,10.31755,26.97787
261.3378,9.821882,27.05211
261.6013,9.214149,27.13411
261.7658,8.407426,27.18527
261.8591,7.653233,27.24348
261.921,7.58396,27.33678
261.954,7.694417,27.38637
262.1734,7.599738,27.59633
262.5464,7.465984,28.00574
262.9339,7.540295,28.47037
263.111,7.627192,28.67976
263.2037,7.683341,28.79172
263.2451,7.71286,28.84264
263.2682,7.729459,28.8712
263.2794,7.737432,28.88495
263.3069,7.752071,28.89867
263.4469,8.072222,29.06427
263.4554,9.526551,29.27966
263.6967,10.45605,29.69585
263.948,11.18036,30.08298
264.2715,11.53521,30.53766
264.711,11.7364,31.13519
265.1817,11.80533,31.75127
265.7983,11.73048,32.31943
266.4041,11.52286,32.69135
266.6256,11.4736,32.83865
266.6865,11.48911,32.88574
266.8812,11.45869,33.11795
267.1761,11.32554,33.57736
267.6072,12.26818,34.66106
267.91,13.11116,35.56609
268.244,13.83919,36.53616
268.6368,14.23499,37.37645
269.6595,14.45745,39.10718
270.9591,14.5574,41.23563
272.0805,14.55003,42.79185
272.9656,14.40762,43.82875
273.7377,14.11185,44.75549
274.3352,13.69688,45.5817
274.8465,13.1097,46.48805
275.1772,13.00029,47.25903
275.5319,13.08449,48.01659
275.957,13.08449,48.84453
276.4295,13.08449,49.75633
276.8671,13.08448,50.61073
277.348,13.08447,51.563
277.7889,13.08445,52.44591
278.2664,13.08443,53.40851
278.7097,13.08441,54.30678
279.1815,13.08439,55.26518
279.6166,13.08438,56.15417
280.0595,13.08436,57.11945
280.4102,13.08435,58.04828
280.6871,13.08433,59.07172
280.8616,13.08431,60.03415
280.9868,13.08431,61.07385
281.0662,13.0843,62.04533
281.1282,13.08429,63.11703
281.1731,13.08428,64.16296
281.2195,13.08426,65.52731
281.2603,13.08425,66.87476
281.3025,14.57809,68.34741
281.3431,16.18741,69.7865
281.3877,17.14214,71.38362
281.431,17.52889,72.93791
281.4716,17.64943,74.41969
281.5024,17.60755,75.56821
281.5338,17.39612,76.76035
281.5527,17.05123,77.80678
281.5253,16.53155,78.89005
281.4111,15.89525,79.89047
281.1552,15.04667,80.93526
280.7765,14.10772,81.85126
280.21,12.9001,82.78702
279.5996,11.65452,83.57062
278.871,10.15221,84.37386
278.1667,8.692201,85.08142
277.3665,7.13442,85.84303
276.7502,7.000277,86.41118
276.0384,7.0226,87.05464
275.2729,7.022598,87.74055
274.5287,7.022589,88.40475
273.7252,7.022577,89.12036
272.9634,7.022568,89.79803
272.0906,7.022557,90.57393
271.1108,7.02254,91.44479
269.9169,7.02253,92.45706
268.5905,7.022515,93.12122
267.0052,7.0225,93.39505
265.4808,7.022491,93.4034
263.7708,7.022479,93.41364
262.241,7.022466,93.52487
260.81,7.02245,93.8055
259.7377,7.022434,94.26991
258.738,7.02242,94.88953
257.9041,7.022402,95.50687
257.0345,7.022383,96.21069
256.2524,7.022369,96.87338
255.369,7.022362,97.57166
254.4711,7.022345,98.07822
253.3988,7.022328,98.40337
252.2815,7.022313,98.48674
251.2301,7.022296,98.37033
250.0965,7.022279,98.13129
249.0545,7.022269,97.8519
247.9378,7.022256,97.50713
246.9077,7.022232,97.15958
245.8078,7.022217,96.76035
244.7914,7.022202,96.35555
243.7177,7.022182,95.88763
242.7255,7.022165,95.43413
241.6675,7.022155,94.90918
240.6989,7.022141,94.25505
239.8848,7.022123,93.54274
239.0238,7.022113,92.75388
238.1675,7.022091,92.07822
237.2132,7.02208,91.39401
236.1928,7.02207,90.69522
234.8879,7.022056,89.79915
233.6258,7.187148,88.93602
232.2092,9.268373,87.98668
230.746,10.77894,87.00894
229.3744,11.42696,86.09351
227.9202,11.67213,85.20459
226.7269,11.67961,84.68442
225.5369,11.48286,84.28818
224.9288,11.11652,84.16469
224.9165,10.50085,84.58708
225.0127,9.7722,84.92242
225.0112,9.529713,84.99239
225.0114,9.529408,84.99243
224.9991,9.531801,84.98917
224.6872,9.439356,84.91367
224.0829,9.377193,84.76517
223.6926,10.70301,84.6221
222.9889,11.79171,84.43567
222.1615,12.51729,84.24127
221.0167,12.91585,83.98724
218.2995,13.10678,83.40961
216.099,13.18727,82.88321
214.5152,13.28758,82.30826
213.3272,13.20136,81.73141
212.2429,13.09064,81.06853
211.3573,13.04107,80.3728
210.5307,13.01522,79.5365
209.8598,13.00347,78.68138
209.1582,13.00009,77.74886
208.4612,13.00008,76.89558
207.6577,13.00008,76.04419
206.7424,13.00008,75.31371
205.8009,13.00007,74.79074
204.7338,13.00007,74.41507
203.7002,13.00007,74.20387
202.5679,13.00006,74.08055
201.5053,13.00006,74.10596
200.4265,13.00006,74.38786
199.4697,13.00005,74.80627
198.4819,13.00004,75.32846
197.5627,13.00004,75.85844
196.5855,13.00004,76.44534
195.5961,13.00003,77.05185
194.6791,13.00003,77.62117
193.6568,13.00003,78.1843
192.6916,13.00002,78.57585
191.6309,13.00002,78.94568
190.6578,13.00001,79.27354
189.5836,13.00001,79.63773
188.6197,13,80.03484
187.6761,13.00001,80.61131
186.8698,12.99999,81.23122
185.9673,12.99999,82.01085
184.9822,12.99999,82.91296
183.833,13.98425,83.987
182.7501,15.78193,85.00409
181.5211,16.94758,86.1608
180.3812,17.40934,87.23468
179.2043,17.56203,88.32057
178.1792,17.51445,89.21951
177.3074,17.30478,89.96045
176.4142,16.90848,90.70746
175.6094,16.38964,91.37515
174.7493,15.66377,92.08569
173.9619,14.84303,92.73483
173.1088,13.78806,93.43733
172.3118,12.64611,94.09319
171.4581,11.2561,94.79549
170.6595,9.81912,95.45248
169.8031,8.196086,96.15744
168.969,7.016024,96.84554
168.2224,7.027317,97.45978
167.4296,7.029504,98.0311
166.5031,7.029503,98.58136
165.7196,7.029494,99.16557
165.1196,7.029476,99.97668
164.7687,7.029457,100.85
164.7493,7.029442,101.8225
164.9398,8.385482,102.7537
165.2801,9.4306,103.7285
165.5841,10.13662,104.4538
165.9927,10.56316,105.2747
166.4935,10.76293,106.2008
167.7022,10.87481,108.3743
168.8629,10.91106,110.4495
169.7706,10.8365,112.0589
170.4069,10.64372,113.2621
170.7206,10.2907,114.4333
170.7448,9.82884,115.4469
170.6468,9.166646,116.4539
170.6635,8.410407,117.1338
170.8389,7.43888,117.971
170.8314,7.003315,118.8169
170.6935,8.08941,119.7758
170.5841,9.147615,120.7084
170.7331,9.978886,121.6934
171.0251,10.43377,122.5763
171.4034,10.69185,123.4754
171.7376,10.8058,124.1893
172.1776,10.79216,125.0337
172.6241,10.64596,125.8469
173.1292,10.33968,126.7448
173.6048,10.01439,127.5802
174.0765,10.00868,128.4002
174.5473,10.02293,129.1704
175.124,10.02293,130.0355
175.6672,10.02293,130.8473
176.2395,10.02292,131.7566
176.7318,10.0229,132.6003
177.2635,10.02288,133.5071
177.7913,10.02286,134.3461
178.3949,10.02285,135.2481
178.9102,10.02284,136.0964
179.2612,10.02283,136.7456
179.432,10.02283,137.0617
179.5285,10.02282,137.2402
179.5751,10.02282,137.3264
179.6018,10.02281,137.3758
179.6147,10.02281,137.3996
179.6222,10.0228,137.4135
179.6258,10.02279,137.4201
179.6278,10.02279,137.4239
179.6288,10.02278,137.4257
179.6294,10.02278,137.4268
179.6297,10.02277,137.4273
179.6298,10.02276,137.4276
179.6299,10.02275,137.4278
179.63,10.02274,137.4279
179.63,10.02273,137.4279
179.63,10.02271,137.4279
179.63,10.0227,137.4279
179.63,10.02269,137.4279
179.63,10.02267,137.4279
179.63,10.02265,137.4279
