24.57025,-4,-86.88144
24.34841,-4,-86.98026
23.52941,-4,-87.43299
22.5824,-4,-88.12834
21.73569,-4,-88.91443
20.79601,-4,-89.93616
19.7948,-3.172514,-91.1414
18.87455,-1.621111,-92.30918
17.89983,-0.5334368,-93.58042
17.04917,-0.05383587,-94.70516
16.10366,0.1991634,-95.964
15.03833,0.3195567,-97.38783
14.14738,0.1708531,-98.5807
13.21898,-0.5848017,-99.60165
12.81869,-1.665685,-100.0402
12.61139,-3.078753,-100.2673
12.54769,-3.997314,-100.3371
12.54769,-3.999998,-100.3371
12.54769,-4,-100.3371
12.54769,-4,-100.3371
12.54769,-4,-100.3371
12.54769,-2.917877,-100.3371
12.54769,-1.501371,-100.3371
12.52518,-0.7814326,-100.252
12.34607,-0.4565048,-99.56257
12.18655,-0.3357763,-98.94328
12.10916,-0.652925,-98.64249
11.95857,-1.588858,-98.04317
11.78666,-1.318292,-97.3513
11.41683,0.2572255,-96.40187
10.90111,2.241585,-95.44775
9.89629,4.785696,-94.65514
8.852551,5.956432,-94.49765
7.963905,6.495438,-94.87637
7.003149,6.743925,-95.21847
5.691246,6.736753,-95.38682
4.591518,6.093903,-95.05004
3.447369,4.990585,-94.3369
2.442448,4.018682,-93.39566
1.71233,4.000027,-92.43381
1.058224,4,-91.24628
0.5348797,4,-90.06342
-0.04489136,4,-88.71619
-0.6687965,4,-87.47013
-1.370773,4,-86.31292
-2.074268,4,-85.3042
-2.909239,4,-84.21144
-3.690535,4,-83.24628
-4.594429,4,-82.16796
-5.395176,4,-81.23167
-6.345268,4,-80.11666
-7.176056,4,-79.06821
-8.031528,5.692942,-77.85461
-8.696217,6.784141,-76.76887
-9.337013,7.647779,-75.54622
-9.843048,8.073486,-74.42171
-10.35591,8.323448,-73.11263
-10.68829,8.435787,-72.199
-10.88882,8.476192,-71.64779
-10.97947,8.242606,-71.39864
-11.03086,7.647928,-71.25736
-11.03455,7.630051,-71.24724
-11.04811,8.817362,-71.22745
-11.24926,10.01285,-70.94105
-11.71447,11.06752,-70.29619
-12.2837,11.64131,-69.49928
-12.84492,11.90606,-68.65564
-13.54817,12.06895,-67.43218
-14.67343,12.61436,-65.05855
-16.47824,13.09223,-61.05416
-17.76537,13.23031,-57.91647
-18.45542,12.85824,-55.3857
-18.6302,12.02158,-53.30055
-18.39602,11.99998,-51.59406
-17.8651,11.99997,-50.10756
-17.22935,11.99997,-48.95894
-16.34156,11.99997,-47.79708
-15.40829,11.99997,-46.88428
-14.08787,11.99997,-46.21129
-12.97547,11.99997,-46.23853
-11.76661,11.99997,-46.62799
-10.74772,11.99997,-47.15405
-9.466003,11.99997,-47.71898
-8.24564,11.99997,-47.896
-6.910387,11.99997,-47.94704
-5.708321,11.99997,-47.96359
-4.31189,11.99997,-47.98573
-3.029987,11.99997,-48.01639
-1.634615,11.99997,-48.092
-0.4217243,11.99997,-48.23328
0.9773979,11.99997,-48.47697
2.157787,11.99997,-48.73333
3.634405,11.99997,-49.07052
5.077236,11.99997,-49.3132
6.448677,11.99997,-49.42433
8.007158,11.99997,-49.41683
9.310947,11.99997,-49.36317
10.81042,11.99997,-49.35177
12.16406,11.99997,-49.4514
14.36483,11.99997,-49.93554
15.86007,11.99997,-50.49957
17.04568,11.99997,-51.04487
18.37018,11.99997,-51.67284
19.61053,13.4284,-52.20491
20.93464,14.69088,-52.65723
22.24179,15.52583,-52.96708
23.58395,15.96428,-53.17323
24.8444,16.17928,-53.29967
25.6175,16.29268,-53.36995
25.9862,16.30567,-53.40347
26.22037,15.9903,-53.42364
26.64048,15.33014,-53.43689
27.45583,14.78144,-53.44963
28.38308,15.68533,-53.47569
29.52939,17.49777,-53.58661
30.6397,19.52171,-53.81104
31.92203,21.11362,-54.23307
33.16759,21.85383,-54.80795
34.28828,22.19361,-55.43211
36.66382,22.39579,-56.92739
40.10833,22.4727,-59.1556
43.72612,22.48636,-61.49643
46.02087,22.07395,-62.82946
47.95404,21.15527,-63.42567
48.89935,20.17917,-63.17327
49.91609,20.00021,-62.66048
50.82081,19.99997,-62.07237
51.83242,19.99997,-61.33967
52.74466,19.99997,-60.64103
53.80952,19.99997,-59.80074
54.8001,19.99997,-59.06633
56.06944,19.99997,-58.64949
57.32906,19.99997,-58.48349
58.8132,19.99997,-58.31084
60.10989,19.99997,-58.07495
61.47977,19.99997,-57.68184
62.56895,19.99997,-57.24087
63.93715,19.99997,-56.54305
65.08811,19.99997,-55.94432
66.47353,19.99997,-55.33995
67.64217,19.99997,-54.96133
69.06952,19.99997,-54.65338
70.26646,19.99997,-54.49046
71.70756,19.99997,-54.36378
72.93777,19.99997,-54.29134
74.40482,19.99997,-54.23188
75.51266,19.99997,-54.19756
76.19666,19.99997,-54.17682
76.51524,19.99997,-54.16715
76.70735,19.99997,-54.16132
76.79823,19.99997,-54.15857
76.85193,19.99997,-54.15694
76.70166,19.99997,-54.17342
75.94765,19.99997,-54.28169
74.91689,19.99997,-54.50941
73.90977,19.99997,-54.81465
73.05014,19.99997,-55.11934
72.6459,19.99997,-55.26296
72.40308,19.99997,-55.34925
72.29929,19.99997,-55.38613
72.2369,19.99997,-55.4083
72.20663,19.99997,-55.41906
72.19094,19.99997,-55.42463
72.18358,19.99997,-55.42725
72.17916,19.99997,-55.42881
72.17706,19.99997,-55.42957
72.17592,19.99997,-55.42998
72.17544,19.99997,-55.43015
72.17544,19.99997,-55.43015
72.2627,19.99997,-55.43405
72.87136,19.99997,-55.45834
73.62511,19.99997,-55.47243
74.60417,19.99997,-55.47059
75.58674,19.99997,-55.45467
76.80594,19.99997,-55.42329
77.98206,20.80305,-55.38608
79.27332,22.2041,-55.34101
80.4527,23.12549,-55.29765
81.81427,23.76438,-55.2461
83.01173,24.05575,-55.20002
84.32852,24.22734,-55.1489
85.54939,24.31081,-55.10126
87.25168,24.26164,-55.03463
90.73676,24.1985,-54.89791
95.28961,24.16179,-54.71924
98.53703,23.93029,-54.56742
101.1459,23.13345,-54.36504
102.9323,22.12105,-54.10046
104.5938,20.83323,-53.66681
105.9398,20.0093,-53.11595
106.589,19.99965,-52.7407
106.4444,20.00699,-52.60993
105.9157,20.01464,-52.2243
105.2769,20.01808,-51.78888
104.3262,20.02028,-51.14422
103.6755,20.02127,-50.69652
103.4024,20.02169,-50.50863
103.2332,20.02194,-50.39219
103.1362,20.39562,-50.31883
102.9156,22.06742,-50.11907
102.8661,23.1049,-49.94005
103.0756,23.88408,-49.35391
103.3352,24.21848,-48.60628
103.6157,24.41371,-47.55448
103.7605,24.49465,-46.92604
103.7464,24.42221,-46.54778
103.3342,24.03741,-46.42879
102.5913,23.21306,-46.41876
101.9504,22.22824,-46.45239
101.5519,20.98042,-46.50253
101.3387,20.89684,-46.60223
101.1602,22.00702,-46.30317
101.011,23.54431,-45.72479
100.8179,25.68823,-44.83594
100.4154,27.11758,-44.10595
99.7088,27.97764,-43.32523
98.93085,28.38895,-42.6283
97.93498,28.63708,-41.82069
96.03894,28.75023,-40.39221
92.58765,28.8175,-37.83415
89.72908,28.78825,-35.72309
87.37313,28.18782,-33.93428
86.17855,27.31758,-32.79598
85.45556,26.10488,-32.10706
85.12305,24.90151,-31.7748
84.90047,23.46927,-31.34798
84.80199,22.17002,-31.1502
84.74681,20.68881,-31.03937
85.01872,19.39234,-31.07346
85.33294,18.10099,-31.08106
85.39017,17.07078,-31.0132
85.42947,15.91461,-30.96497
85.45525,14.85791,-30.93332
85.48021,13.60988,-30.9027
85.4957,12.47443,-30.88367
85.47319,12.00047,-30.86719
85.00675,11.99997,-30.7259
84.00725,11.99997,-30.53509
82.91182,11.99997,-30.42355
81.94007,11.99997,-30.55079
80.81013,11.99997,-31.11278
79.82944,11.99997,-31.81789
78.82391,11.99997,-32.80613
78.42444,11.99997,-33.83882
78.46429,11.99997,-35.07707
78.47936,11.99997,-36.29234
77.91296,11.99997,-37.44589
77.26025,11.99997,-38.34535
76.87106,12.96392,-38.87029
76.43095,14.25745,-38.94347
75.71178,15.28193,-38.84393
74.87926,15.8974,-38.96974
73.91858,16.22539,-39.26983
72.95502,16.38424,-39.64622
71.97253,16.47548,-40.27007
71.32266,16.43004,-41.10014
70.70099,16.00324,-42.24118
70.23643,15.27837,-43.28065
69.26929,14.41374,-45.82776
68.55128,14.15459,-46.67892
68.54973,14.07725,-46.67484
68.53686,13.55321,-46.67361
68.52159,12.62574,-46.67216
68.51552,12.00948,-46.67158
68.51552,11.99998,-46.67158
68.51552,11.99997,-46.67158
68.51552,11.99997,-46.67158
68.61584,11.99997,-46.68109
68.89702,13.314,-46.70772
69.04276,14.43396,-46.72153
69.12996,15.2865,-46.68357
69.17244,15.83393,-46.6489
69.19119,16.55414,-46.643
69.03075,17.12521,-46.98418
68.73618,17.47628,-47.75392
68.73616,17.55335,-48.12572
68.80064,17.57224,-48.54195
68.84537,17.53885,-48.83009
68.86592,17.24642,-48.96254
68.87782,16.41238,-49.03922
68.8831,15.40493,-49.07321
68.88589,16.56736,-49.09122
68.98851,17.26467,-49.03871
69.47086,17.66777,-48.74095
70.14774,17.85842,-48.39176
71.10869,17.68097,-48.30769
71.89145,16.99436,-48.66188
72.69777,15.95513,-49.36739
73.38702,15.33126,-50.13968
74.05829,15.32358,-50.98519
74.41678,15.32356,-51.4449
74.63224,15.32357,-51.7212
74.73649,15.32356,-51.85487
74.79607,16.97759,-51.93126
74.82274,18.01471,-51.96545
74.83885,18.89568,-51.98611
74.84642,19.34698,-51.99583
74.59256,19.6264,-52.1868
74.09911,19.8896,-52.44718
73.33684,20.2192,-52.86917
72.51157,20.3094,-53.39911
71.49919,20.03066,-54.09522
70.61253,20.00004,-54.72515
69.5572,19.99997,-55.45773
68.86229,19.99997,-56.01075
68.86072,19.99997,-57.16233
68.92966,19.99997,-57.55713
68.94806,19.99997,-57.66248
68.95967,19.99997,-57.72903
68.96538,19.99997,-57.7617
68.96853,19.99997,-57.77974
68.96991,19.99997,-57.78765
68.97048,19.99997,-57.79097
68.97079,19.99997,-57.79271
68.97093,19.99997,-57.79353
68.97102,19.99997,-57.79404
68.97525,19.99997,-57.79471
69.37015,19.99997,-57.8155
69.81397,19.99997,-57.82166
70.13706,19.99997,-57.80496
70.7458,19.99997,-57.6276
71.38763,19.99997,-57.37553
71.67965,19.99997,-57.25942
71.8525,19.99997,-57.1907
71.94148,19.99997,-57.15532
72.07642,19.99997,-57.04324
72.43544,19.99997,-56.62821
72.92039,19.99997,-55.94853
73.19118,19.99997,-55.54354
73.68175,19.99997,-55.17587
74.33896,19.99997,-55.15604
75.28986,19.99997,-55.36787
76.21639,19.99997,-55.70732
77.30155,19.99997,-56.25285
78.26486,21.28321,-56.87659
79.26932,22.5395,-57.6586
80.19344,23.42262,-58.4705
81.26128,24.02183,-59.4537
82.29991,24.2781,-59.99876
83.5134,24.4196,-60.29444
84.64156,24.48182,-60.40319
85.85561,24.36814,-60.67583
86.81888,23.94618,-61.13586
87.50475,23.05014,-61.49308
87.81022,22.09692,-61.65218
87.99669,20.87696,-61.7493
88.0667,20.40321,-61.78905
88.35262,20.40001,-62.00621
88.53488,20.4,-62.01223
88.90668,20.40001,-61.84086
89.4649,21.68949,-61.58322
90.31461,22.8469,-61.19105
91.07455,23.47481,-60.8403
91.99318,23.84534,-60.41632
93.41901,23.98336,-59.75825
96.24129,24.04092,-58.45566
98.81551,24.06046,-57.26755
100.9581,23.9262,-56.27864
102.6873,23.34123,-55.48059
104.1889,21.96632,-54.78755
104.6244,20.61419,-54.58656
104.741,19.87839,-54.53358
104.5357,20.01663,-54.40254
103.9595,20.19407,-54.07031
103.3426,20.21447,-53.75358
103.0869,20.07339,-53.54115
103.0231,20.00141,-52.9534
103.0318,19.99998,-52.49712
103.0371,19.99997,-52.22126
103.0396,19.99997,-52.08731
103.0411,19.99997,-52.00942
103.0419,19.99997,-51.96832
103.0422,19.99997,-51.94994
103.0424,19.99997,-51.94209
103.0425,19.99997,-51.93877
103.0425,19.99997,-51.93708
103.0425,19.99997,-51.93629
103.0425,19.99997,-51.93582
103.0509,19.99997,-51.91345
103.1806,19.99997,-51.50665
103.1401,19.99997,-50.91117
102.7287,20.22035,-50.0527
102.2178,21.68287,-49.30311
101.5196,22.88603,-48.35519
101.1602,23.52912,-47.37014
100.9672,23.88444,-46.708
100.8771,24.05028,-46.39897
100.8187,24.15511,-46.19869
100.7941,24.06629,-46.11419
100.7905,23.55323,-45.94406
100.8244,22.76488,-45.45026
100.8593,21.64039,-44.70242
100.7399,21.65664,-44.35199
100.6647,22.8291,-44.1483
100.5472,24.48484,-44.04578
100.0315,26.56821,-43.96524
99.31546,28.10734,-43.90357
98.43552,29.02433,-43.55985
97.687,29.42147,-43.03652
96.80415,29.66046,-42.31313
95.97496,29.49871,-41.60007
94.9803,28.74648,-40.73841
94.09616,27.83707,-39.97598
93.07536,26.65199,-39.1011
92.15007,25.51389,-38.31207
91.00996,24.06977,-37.34106
90.36284,22.87746,-36.64143
89.98392,21.55759,-36.2305
89.80389,20.36168,-36.03529
89.71962,20.00159,-35.94388
89.69948,19.99997,-35.92205
89.69064,19.99996,-35.91246
89.71283,19.99996,-35.5941
89.71358,19.99908,-35.52845
89.71341,19.99996,-35.52705
89.7133,19.99996,-35.52621
89.71323,20.83102,-35.52567
89.7132,22.12261,-35.52543
89.71318,23.14608,-35.5253
89.71318,23.64578,-35.52523
89.75052,23.94281,-35.23485
89.82698,24.08681,-34.64046
89.88748,24.15908,-34.1703
89.91737,24.04348,-33.93802
89.93477,23.54339,-33.80273
89.94324,22.73201,-33.73694
89.97006,21.79963,-33.72908
90.05716,22.23947,-33.53674
90.17654,23.75878,-32.8857
90.30049,25.63568,-32.05375
90.45476,27.81016,-30.99015
90.60768,28.90937,-30.01015
90.83018,29.61082,-28.72931
91.05614,29.90705,-27.62299
91.39055,30.00751,-26.26202
91.73164,29.53672,-25.10317
92.48344,28.70524,-23.04805
93.81357,28.31966,-19.70895
95.45648,28.08053,-15.64107
96.4034,27.69047,-12.80004
96.73643,26.80064,-10.4958
96.68842,25.8143,-8.896965
96.41551,24.49019,-7.228928
96.07246,23.25623,-5.878426
95.79538,21.85786,-4.482582
95.69545,20.00846,-3.331467
95.68044,19.99999,-3.15844
95.67226,19.99997,-3.064308
95.66849,19.99997,-3.020943
95.65686,19.99997,-3.015579
95.51877,19.99997,-3.319313
95.26418,19.99997,-4.00071
95.10504,19.99997,-4.468079
95.00935,19.99997,-4.749115
94.79712,19.99997,-4.886292
94.26082,19.99997,-5.042305
93.9514,19.99997,-5.129036
93.76352,19.99997,-5.187691
93.43005,19.99997,-5.391937
92.79001,19.99997,-5.760971
92.01048,19.99997,-5.907722
91.13686,19.99997,-5.659584
90.36258,19.99997,-5.158905
89.40388,19.97961,-4.345947
88.55325,20.00516,-3.511803
87.59112,20.30898,-2.544647
86.64436,20.75614,-1.575256
85.72611,21.06003,-0.6168671
84.80547,21.20705,0.104393
83.65211,21.29183,0.5477219
82.51197,21.33313,0.7905121
81.18187,21.2286,0.9640732
80.01143,20.82314,1.069832
78.64084,19.94938,1.166397
77.35534,18.90424,1.243172
76.1394,17.68526,1.309975
75.79208,16.59793,1.212059
75.72567,15.37193,1.075371
75.69556,14.27365,1.011887
75.6767,12.90325,0.9614334
75.73221,12.02428,0.6134262
75.88849,11.99999,-0.2757721
76.11478,11.99997,-1.290413
76.38255,11.99997,-2.531059
76.3613,11.99997,-3.68055
76.21928,11.99997,-5.052658
75.76269,11.99997,-6.196724
75.08363,11.99997,-7.388863
74.48602,11.99997,-8.434608
73.85679,11.99997,-9.663109
73.03987,13.86409,-11.51605
71.88924,15.20137,-14.31978
71.23586,15.11441,-16.00896
70.74637,14.48868,-17.32152
70.47208,13.35015,-18.66177
70.54707,12.37025,-19.16963
70.62447,12.00036,-19.69819
70.71674,11.99997,-20.28767
70.87439,13.62392,-21.27371
71.07691,14.7257,-22.33421
71.35605,15.56238,-23.59457
71.6283,15.94435,-24.71354
71.9781,16.18135,-26.06966
72.29176,16.28483,-27.2433
72.6514,16.29906,-28.56297
72.9964,16.01846,-29.81415
73.36357,15.27782,-31.13708
73.69205,14.34876,-32.3164
74.06171,13.15209,-33.64101
74.38779,12.07106,-34.80817
74.78145,12.00005,-36.21639
75.15701,13.56126,-37.55938
75.55948,14.87056,-38.99837
75.90415,15.65683,-40.23063
76.27528,16.11138,-41.55744
76.60172,16.31944,-42.72446
76.84184,16.44965,-44.14445
76.48044,16.45778,-45.29981
75.68965,16.1469,-45.99504
74.71262,15.32012,-46.84231
73.83936,14.70154,-47.17012
73.10588,14.73577,-47.10644
72.41702,14.97696,-47.0572
71.43128,15.40305,-47.1968
70.75503,15.77295,-47.76422
70.24984,16.0139,-48.79962
69.99865,16.42429,-49.94246
69.9179,16.91688,-51.19231
69.92995,17.19654,-52.15554
69.93402,17.24771,-52.30731
69.9341,17.24772,-52.30756
69.93484,17.22884,-52.30756
69.94187,16.95354,-52.30753
69.95481,16.17173,-52.30746
69.95487,15.32909,-52.30746
69.95496,15.32357,-52.30745
69.95497,15.32356,-52.30744
69.95497,15.32357,-52.30744
69.95497,15.32357,-52.30744
69.95497,15.32357,-52.30744
69.95497,15.32357,-52.30744
69.95497,15.32357,-52.30744
69.95497,15.32357,-52.30744
69.95497,15.32357,-52.30744
69.95497,15.32357,-52.30744
69.95497,15.32357,-52.30744
69.95497,15.32357,-52.30744
69.95497,15.32357,-52.30744
69.95497,15.32357,-52.30744
69.95497,15.32357,-52.30744
