-80.90685,1.20007,-107.3634
-80.52999,1.200069,-107.4435
-78.6332,1.200067,-107.884
-76.57229,1.200066,-109.1161
-76.8468,1.200065,-110.5696
-77.67148,1.200068,-111.5903
-78.17902,1.20007,-112.1017
-78.32815,1.200071,-112.2519
-78.35381,1.200071,-112.2778
-78.32951,1.200067,-112.3635
-78.13439,1.200069,-113.0523
-78.03027,1.200071,-114.2753
-78.63669,1.200073,-115.2669
-79.67411,1.200074,-116.1235
-80.98636,1.200075,-116.7227
-82.46972,1.200074,-117.0323
-83.81327,1.200076,-117.3064
-85.07253,1.200073,-118.0959
-86.0506,1.200074,-118.0702
-86.74562,1.200074,-117.2098
-87.11562,1.200074,-115.8497
-87.05277,1.200074,-114.4111
-86.56779,1.200074,-113.0025
-85.65985,1.200075,-111.7003
-84.25601,1.200074,-110.5736
-82.39059,1.200074,-109.8259
-81.80341,1.200073,-108.4405
-80.8559,1.200069,-106.9334
-78.41162,1.200065,-107.0071
-76.65784,1.200062,-105.8577
-75.92104,1.20006,-104.8295
-75.86533,1.20006,-104.7515
-75.86532,1.200061,-104.7515
-75.86533,1.200061,-104.7514
-75.86533,1.200061,-104.7515
-75.86533,1.20006,-104.7514
-75.86533,1.200061,-104.7515
-75.86533,1.20006,-104.7514
-75.86532,1.200061,-104.7514
-75.86533,1.200061,-104.7514
-75.86531,1.20006,-104.7514
-75.86532,1.200061,-104.7514
-75.86531,1.20006,-104.7514
-75.86532,1.200061,-104.7514
-75.86531,1.200059,-104.7514
-75.86532,1.20006,-104.7514
-75.86532,1.200059,-104.7514
-75.86531,1.200061,-104.7514
-75.86532,1.200061,-104.7514
-75.8653,1.20006,-104.7514
-75.8653,1.20006,-104.7514
-75.86531,1.200061,-104.7514
-75.8653,1.20006,-104.7514
-75.8653,1.200061,-104.7514
-75.86531,1.200061,-104.7514
-75.86532,1.20006,-104.7514
-75.86533,1.200061,-104.7514
-75.86531,1.20006,-104.7514
-75.86531,1.200061,-104.7513
-75.8653,1.20006,-104.7513
-75.8653,1.20006,-104.7513
-75.86529,1.200061,-104.7513
-75.86528,1.200061,-104.7513
-75.86528,1.20006,-104.7513
-75.86527,1.20006,-104.7513
-75.86527,1.20006,-104.7513
-75.86527,1.20006,-104.7513
-76.06242,1.20006,-104.8233
-76.97051,1.200061,-105.3117
-78.07599,1.200063,-106.1045
-79.28441,1.200066,-107.0746
-80.50584,1.200069,-108.1294
-81.56596,1.200073,-109.4204
-82.18024,1.200073,-110.51
-82.98473,1.200073,-110.8803
-83.90746,1.200074,-110.7194
-84.31243,1.200076,-110.5634
-84.43879,1.200075,-110.5148
-84.2083,1.200073,-110.3742
-83.45847,1.200073,-109.9614
-82.55189,1.200074,-109.3
-82.13057,1.200074,-108.9621
-82.01183,1.200073,-108.8669
-82.00224,1.200073,-108.8592
-82.00222,1.200074,-108.8592
-82.27813,1.200075,-109.7872
-82.87163,1.200076,-113.174
-79.8621,1.200073,-111.1831
-76.92406,1.200064,-106.4002
-72.11473,1.200053,-102.8927
-68.87286,1.200051,-95.57842
-66.86504,1.200053,-87.34322
-65.78778,3.852957,-85.22301
-64.34817,4.507892,-83.10458
-62.87674,1.200052,-81.4037
-62.54158,1.200052,-73.56133
-61.80523,5.765663,-64.32212
-59.15023,2.868973,-57.16348
-56.35581,4.385012,-51.92936
-52.08556,4.044291,-47.40587
-47.53986,1.225196,-43.84436
-42.87959,1.200023,-39.48276
-42.35636,4.439237,-38.91774
-42.34937,2.674731,-38.91019
-42.34929,1.200022,-38.91013
-41.60949,1.354017,-37.84615
-39.0231,4.997493,-34.1011
-36.19112,3.171897,-29.9947
-33.28872,1.200014,-26.1036
-29.32004,4.473857,-22.46893
-25.24042,4.419377,-18.98615
-21.19728,1.200206,-15.53931
-17.38274,1.200025,-12.27054
-13.6911,4.92504,-9.105263
-9.881584,3.899652,-5.838837
-4.20192,1.255843,-0.9688644
0.1676102,2.942915,2.881317
3.15741,4.748625,6.636986
7.499046,2.064233,6.745308
8.315582,1.564252,10.8082
9.110687,3.809569,14.02383
9.096977,3.448869,14.06021
9.024971,2.106084,13.10009
9.594513,1.200017,9.391632
10.18064,4.513186,11.14159
8.009865,4.734021,14.4183
7.484581,5.633967,15.79494
8.613266,8.431636,19.08816
8.42717,7.254264,22.69752
8.027184,7.249999,23.52309
4.90255,10.31317,25.95295
-0.4176636,10.94676,31.32729
-5.7799,8.585376,31.73399
-6.706085,7.256728,34.59356
-6.059235,10.91429,39.60574
-4.922256,10.25201,48.02709
-5.767365,7.250816,52.72889
-8.384583,7.271037,58.6737
-12.25595,7.25,64.63274
-15.88906,7.249999,69.31515
-19.59165,11.49051,74.23492
-22.67236,10.87929,78.56774
-25.07373,7.844754,82.07255
-25.43977,8.315746,82.60635
-27.09247,11.58746,85.99461
-27.7275,10.75103,89.85137
-28.00338,9.562795,90.36127
-31.04893,11.85772,90.87328
-34.65604,13.37502,91.71716
-38.88995,11.54336,93.14896
-42.65607,12.63095,95.26427
-47.02806,14.53511,100.3332
-51.13704,13.47308,105.623
-53.60793,10.74002,108.0971
-55.73603,10.74,111.6952
-57.27711,10.74,116.1204
-57.86113,10.74,120.5575
-57.5788,13.82545,125.0951
-56.43169,14.78574,128.9142
-57.03725,15.96803,132.9488
-53.66011,18.35081,138.4589
-49.44083,17.29792,143.0143
-46.33153,14.10508,145.2507
-41.30231,14.10462,146.8928
-34.02157,14.10462,152.9655
-30.8219,14.10461,155.8199
-25.71366,16.12526,155.0434
-20.71503,17.91234,153.6719
-12.36154,16.09191,151.9557
-7.688873,18.95391,149.1412
-4.090523,18.41926,144.7443
-2.245491,12.7216,142.2536
-0.8810349,14.47285,141.0384
2.855507,15.40219,137.9778
6.591431,11.90496,134.9611
10.14626,7.667461,131.3617
13.25951,11.3029,126.7087
18.57358,11.32613,118.2081
21.71636,14.25337,108.6072
26.62296,11.45231,103.6732
28.82063,10.73,103.8546
28.04358,10.73,101.7427
30.27237,10.73,96.54604
32.9331,14.12378,90.99821
33.74212,11.70629,89.38483
34.48742,12.43327,87.23907
35.15291,14.91135,78.81994
36.8395,11.65775,72.01644
38.28654,13.01523,66.49316
39.28995,11.94843,59.7888
40.68806,9.060461,50.12731
41.52625,13.45872,46.03139
43.22633,13.96898,35.37997
43.54492,13.2,28.0234
43.85172,17.32547,18.19362
44.25197,16.0006,9.256844
44.65367,10.13203,2.313759
44.95139,8.112864,-3.441177
44.65697,6.999997,-6.462753
44.50587,6.999997,-6.839813
44.50735,6.999999,-6.812286
44.80676,6.999998,-7.031021
45.17854,6.999998,-7.249382
46.38893,7.000403,-7.083488
49.83955,6.999996,-5.939316
49.6188,6.999998,-6.439255
49.37752,6.999998,-6.702278
49.37749,6.999998,-6.784798
49.37749,6.999999,-6.785011
47.7787,6.999998,-5.948769
47.39061,9.399587,-2.510529
47.15788,8.899659,0.06327057
47.37718,12.16384,-4.172264
47.14294,10.26907,-9.190857
44.57755,6.999997,-12.63618
43.91762,10.89968,-17.91686
43.78373,9.265006,-23.4217
44.42241,4.661267,-25.59007
44.53574,1.321859,-25.72446
47.26895,1.199999,-24.61906
48.80296,1.199999,-22.69531
48.81277,1.2,-22.68136
50.80632,1.2,-22.05635
53.4389,1.199999,-18.41315
55.12831,4.794327,-14.2171
54.15292,4.200017,-10.19785
52.30957,7.772891,-10.11349
49.02107,7.02368,-12.24083
47.35834,10.15185,-16.39413
45.56522,10.19418,-23.46811
43.60739,7.159213,-31.82339
43.93048,7.731677,-36.55054
46.28748,7.204357,-45.51406
47.6122,7,-50.46943
48.60567,6.999999,-55.28886
48.76437,6.999999,-56.16377
48.7926,7,-56.65275
48.3517,7,-57.364
48.66284,7.806732,-60.80954
49.07083,10.79358,-65.23346
49.98882,9.712843,-73.60519
50.59306,6.264927,-77.45628
50.5667,6.225048,-77.409
50.18755,6.225048,-76.65186
50.866,7.408012,-77.87385
53.43782,10.06727,-82.43672
57.83501,9.123627,-89.24722
59.23,7.199997,-90.91919
59.70818,7.199997,-90.68652
61.87424,7.199997,-88.86452
61.04875,7.199997,-89.81805
60.9971,7.199997,-89.87663
60.9971,7.199996,-89.87662
61.47307,7.199996,-90.16648
65.20424,7.199995,-92.58831
66.81923,7.199996,-93.5737
69.79716,7.199996,-94.40622
71.79567,7.199997,-94.58618
75.51463,7.199996,-93.5549
80.2886,7.199996,-92.5269
81.81371,7.199996,-92.93948
84.13515,7.199996,-92.29071
88.9767,9.706629,-91.20998
93.60419,10.77196,-90.46024
98.52118,8.176649,-89.78819
101.7376,6.240246,-89.37034
101.0012,6.250076,-89.20478
102.6754,7.952571,-89.53825
106.7776,9.88184,-90.46716
114.7288,8.771205,-92.28508
118.9993,7.052479,-93.2495
123.7012,7,-94.26698
128.7395,9.024645,-95.29687
133.293,10.7565,-96.2939
136.1758,10.78697,-96.93558
136.2803,10.59506,-97.72079
137.344,12.54868,-97.36872
141.4952,14.29566,-95.21526
147.8339,13.11289,-92.77138
150.1831,13,-89.75089
152.2832,13,-85.21875
152.7541,13,-80.57381
151.6759,13,-75.52083
149.6565,13,-72.21696
146.3642,13,-69.42514
142.6741,16.64652,-66.47571
138.6868,14.97454,-63.07608
134.3266,8.717793,-59.34525
129.7182,7,-55.78213
124.8328,7,-52.5038
121.8029,10.62726,-49.11603
119.1547,10.19109,-40.51719
117.1524,7.005411,-36.50222
117.9335,10.259,-32.0629
117.6083,9.627942,-26.59156
118.2664,7.000008,-22.76377
118.2789,6.999999,-22.6291
118.2789,7,-22.62908
118.2788,7,-22.62908
118.2789,7,-22.62908
118.2789,7,-22.62907
118.2788,6.999999,-22.62906
118.2789,6.999999,-22.62905
119.3914,7.000001,-21.33557
118.4478,6.999997,-20.52733
118.439,6.999999,-22.5214
118.4489,7,-22.52813
114.9283,6.999999,-20.98457
108.9222,8.753152,-19.82102
100.9733,10.63304,-18.29298
92.52234,7.475702,-16.68984
88.23405,10.05585,-14.8256
77.58267,9.742635,-15.0346
71.01183,3.511093,-14.90784
64.85587,1.199999,-13.90206
59.47957,4.593365,-12.6834
57.1031,4.199989,-10.3326
53.20415,7.861032,-12.13462
48.38177,7,-13.76319
47.35146,10.6837,-19.61932
44.68675,9.71581,-26.78315
43.75842,7.155203,-27.75625
44.96713,10.57725,-30.72495
46.55885,10.78623,-37.74453
46.65773,7.487336,-43.71598
46.64696,6.999998,-47.58826
46.99438,6.999999,-52.60205
47.75104,7,-54.97812
47.75642,7,-54.99365
48.17659,7,-57.45429
48.05424,6.999999,-56.00904
48.79546,6.999999,-51.72252
52.77402,10.65813,-50.49064
56.53374,9.928667,-48.02541
64.17886,6.66396,-45.79927
69.05382,1.201376,-42.99007
71.09004,3.17713,-38.92651
74.80305,4.925184,-32.4574
75.86832,3.378485,-26.16655
77.76541,1.208672,-23.64774
81.96748,4.914054,-21.59119
85.26231,4.139937,-18.14526
85.71361,2.974549,-17.5222
85.71361,2.974549,-17.52227
85.71361,2.974548,-17.52233
85.71361,2.974548,-17.52244
85.71361,2.974548,-17.52251
85.71361,2.974548,-17.52257
85.71361,2.974547,-17.52261
85.71361,2.974547,-17.52267
85.71361,2.974547,-17.52271
