-82.19196,1.200073,-111.7959
-82.19195,1.200075,-111.7959
-81.95346,1.200075,-111.8211
-80.41087,1.200073,-112.0209
-78.47071,1.200071,-112.4461
-78.09245,1.200072,-112.4977
-79.40278,1.200072,-111.8983
-81.06281,1.200075,-111.0921
-81.1696,1.200073,-110.1106
-79.91765,1.20007,-109.3629
-78.66531,1.200069,-109.6084
-78.30724,1.200066,-109.5393
-77.32243,1.200065,-108.7487
-76.44138,1.200063,-107.0471
-75.6151,1.200058,-105.1916
-74.40178,1.200056,-103.3785
-72.35088,1.200054,-102.2911
-71.02982,1.200049,-100.9201
-70.02869,1.20005,-99.1834
-69.52386,1.200051,-97.30047
-69.48331,1.200049,-95.45329
-68.85051,1.200052,-93.68141
-67.7388,1.200051,-92.04456
-66.21536,1.20005,-90.81858
-65.18726,1.200051,-89.20474
-64.30471,1.200051,-87.51779
-63.43755,1.20005,-85.77361
-62.6961,1.20005,-84.26339
-62.45293,1.20005,-83.76749
-62.40874,1.20005,-83.67737
-62.40855,1.20005,-83.67699
-62.33925,1.200048,-83.5329
-62.12648,1.200049,-82.56209
-62.44941,1.200049,-81.13931
-62.29022,1.200048,-79.50255
-61.88432,1.200048,-77.86162
-62.14885,1.20005,-76.2256
-61.96583,1.20005,-74.38606
-61.86388,1.200051,-72.66446
-61.79111,1.200051,-71.0013
-61.72227,1.200051,-69.42471
-61.60095,1.200049,-67.87218
-61.20521,1.200049,-66.34295
-61.31956,1.200048,-64.8037
-61.0557,1.200048,-63.28242
-61.22519,1.200047,-61.61746
-61.10992,1.200047,-60.10265
-60.63422,1.200046,-58.60766
-60.605,1.200046,-57.03308
-60.17023,1.200044,-55.50695
-59.82268,1.200045,-53.93793
-59.15593,1.200043,-52.52594
-58.01099,1.200039,-51.14254
-56.83855,1.200037,-49.93881
-55.24291,1.200034,-48.40604
-53.35252,3.680355,-46.63358
-51.29052,5.457975,-44.70338
-49.37783,5.768612,-42.90376
-47.86141,5.520404,-41.44119
-46.5197,4.801398,-40.12363
-45.21717,3.618057,-38.83405
-43.94645,1.994201,-37.56772
-42.63219,1.205769,-36.24598
-41.29298,1.224676,-34.88536
-39.51854,3.314218,-33.03517
-37.59361,5.358245,-31.02232
-35.67897,5.789558,-28.95985
-34.28022,5.563944,-27.21543
-33.03344,4.756233,-25.53336
-31.81602,3.334172,-23.8476
-30.52273,1.270836,-22.06004
-29.37481,1.258182,-20.63156
-27.60436,4.553619,-18.59143
-25.67476,5.584652,-16.38063
-23.86118,5.578893,-14.72623
-22.13549,4.990125,-13.69537
-20.13805,3.750507,-13.19337
-18.12286,1.931012,-13.20786
-16.95477,1.200075,-13.31805
-16.7468,1.20073,-13.33801
-16.73111,1.200023,-13.33951
-16.73117,1.200022,-13.33951
-16.73122,1.200024,-13.33951
-16.7313,1.200024,-13.33958
-16.73143,1.200024,-13.33963
-16.73158,1.200024,-13.33968
-17.11201,1.200024,-13.64558
-18.3579,1.200025,-14.59236
-19.39597,1.200026,-15.36545
-19.53274,1.200026,-15.46732
-19.53284,1.200026,-15.46756
-19.53284,1.200026,-15.46771
-19.53286,1.200026,-15.46785
-19.53283,1.200025,-15.46799
-19.53284,1.200026,-15.46809
-20.24146,1.200023,-15.95791
-21.71733,1.200023,-16.96144
-23.08999,1.200022,-18.6261
-24.08994,1.272392,-20.28081
-25.67206,1.294698,-21.59241
-27.45168,1.200464,-22.67615
-29.19025,1.200014,-22.71962
-31.114,1.200014,-22.35001
-32.99932,1.200013,-22.93023
-34.75882,1.200013,-24.41248
-35.07656,1.200013,-26.34321
-35.8606,1.200014,-28.18628
-37.07685,1.200015,-30.03169
-38.31456,1.200014,-31.77572
-39.62775,1.200017,-33.50746
-41.0709,1.200018,-35.01512
-43.12543,3.374965,-35.57054
-44.56541,4.650627,-36.13515
-46.13373,5.011991,-37.03519
-47.70308,4.879061,-38.05684
-49.0673,4.204635,-39.3623
-49.77097,3.001843,-41.03699
-50.94357,1.337136,-42.40993
-52.35916,1.218446,-43.60791
-53.78057,1.200035,-44.7168
-55.27325,1.200035,-45.87083
-56.82816,1.200035,-47.10289
-57.9353,1.200037,-48.59555
-58.34591,1.20004,-50.39095
-58.56889,1.200041,-52.27927
-59.33688,1.200045,-53.9021
-60.29203,1.200043,-55.60272
-60.48196,1.200047,-57.40894
-61.27812,1.200046,-59.12184
-61.67332,1.200047,-60.88763
-61.89276,1.200048,-62.59857
-62.762,1.20005,-64.06622
-63.87505,1.20005,-65.38736
-64.4156,1.200052,-65.98195
-64.49532,1.200052,-66.06959
-64.49776,1.200052,-66.07228
-64.53326,1.200049,-66.0271
-64.89947,1.20005,-65.51488
-65.25203,1.200052,-64.9904
-65.36291,1.200052,-64.82539
-65.37684,1.200052,-64.80467
-65.37684,1.200052,-64.80466
-65.23242,1.20005,-65.10844
-64.8131,1.200051,-65.98791
-64.16382,1.200052,-67.34651
-63.64323,1.200052,-68.42694
-63.54634,1.20005,-68.63639
-63.77544,1.200052,-68.19156
-63.8505,1.200052,-68.04561
-63.85865,1.200053,-68.02975
-63.95337,1.200049,-67.84486
-64.36246,1.20005,-67.04623
-65.02083,1.200051,-65.76098
-65.66128,1.200051,-64.51073
-66.36745,1.200049,-63.1322
-67.09079,1.20005,-61.72013
-67.7391,1.200051,-60.45453
-67.99142,1.200051,-59.96197
-68.06608,1.200052,-59.81622
-68.07355,1.200052,-59.80164
-68.07355,1.200052,-59.80165
-68.07355,1.200052,-59.80167
-68.07355,1.200051,-59.80169
-68.07355,1.200052,-59.80171
-68.07355,1.200051,-59.80172
-68.07355,1.200052,-59.80173
-68.07355,1.200051,-59.80175
-67.99095,1.20005,-60.07607
-67.65016,1.200048,-61.13253
-66.98225,1.200051,-62.55524
-65.98448,1.200051,-63.83082
-65.29628,1.200051,-65.37341
-64.84547,1.200053,-66.98947
-64.32628,1.200053,-68.59872
-63.71558,1.200051,-70.16478
-63.0248,1.200052,-71.77034
-62.22752,1.200051,-73.46191
-61.45955,1.20005,-75.05387
-61.38791,1.200048,-76.54098
-61.73174,1.20005,-78.09715
-62.23224,1.200049,-79.72675
-62.16953,1.200049,-81.25325
-61.8159,1.20005,-82.7597
-62.01946,1.200048,-84.32721
-62.46304,1.200049,-85.88162
-63.10704,1.200048,-87.67966
-63.77039,1.20005,-89.22066
-64.32696,1.20005,-90.41197
-64.49958,1.200051,-90.77956
-64.53811,1.20005,-90.86164
-64.53912,1.200051,-90.86376
-64.50295,1.200049,-90.79242
-64.17264,1.200049,-90.1411
-63.64856,1.20005,-89.10777
-62.90672,1.20005,-87.645
-62.19008,1.200048,-86.23196
-61.45055,1.200047,-84.77061
-60.69943,1.200048,-83.24252
-59.97997,1.200047,-81.71191
-59.53648,1.200049,-80.74828
-59.42628,1.200049,-80.50883
-59.40933,1.200049,-80.472
-59.61258,1.200046,-80.93171
-60.13621,1.200047,-82.11612
-60.75407,1.200048,-83.5137
-61.41205,1.200047,-85.00208
-62.05462,1.200048,-86.45562
-62.71424,1.200049,-87.94772
-63.11802,1.200051,-88.86108
-63.23402,1.200051,-89.12349
-63.25273,1.20005,-89.16581
-63.60284,1.200049,-88.97991
-64.60418,1.200051,-88.3056
-65.52705,1.200051,-87.60484
-65.57626,1.200051,-88.23956
-65.48749,1.200049,-89.63176
-65.39706,1.200049,-91.15327
-65.90137,1.20005,-92.5006
-66.73477,1.200049,-93.78344
-67.99174,1.200048,-94.60277
-69.42749,1.200051,-95.07112
-70.75772,1.200051,-96.12404
-71.69147,1.200051,-97.3006
-71.97488,1.200049,-98.66229
-72.4995,1.200051,-99.9491
-73.40143,1.200053,-101.2512
-74.42578,1.200055,-102.3768
-75.68869,1.200058,-102.8376
-77.04819,1.200059,-102.8474
-78.54398,1.200062,-102.6816
-80.11484,1.200064,-102.9985
-81.5733,1.200066,-103.3342
-82.91678,1.200067,-103.2274
-84.20865,1.20007,-102.996
-85.54371,1.200073,-102.7073
-86.98416,1.200073,-102.4293
-88.27523,1.200074,-102.7134
-89.39913,1.200073,-103.3423
-90.02699,1.200074,-104.4048
-90.27879,1.200073,-105.7126
-89.82784,1.200073,-106.9475
-88.97917,1.200074,-107.9003
-88.04434,1.200073,-108.723
-87.0312,1.200074,-109.5324
-85.86007,1.200074,-109.9959
-84.56096,1.200073,-110.0598
-83.40509,1.200074,-109.6296
-82.83885,1.200076,-109.3211
-82.51402,1.200072,-109.3759
-82.25638,1.200073,-110.0478
-82.50303,1.200074,-111.1697
-83.38695,1.200075,-111.8842
-83.8897,1.200075,-112.1444
-84.05696,1.200076,-112.231
-84.0852,1.200076,-112.2457
-84.12136,1.200074,-112.0265
-84.16683,1.200076,-111.0633
-83.9995,1.200074,-111.0109
-82.69925,1.200073,-111.6079
-81.53388,1.200074,-110.8065
-82.32433,1.200073,-109.3041
-84.02655,1.200075,-107.9739
-86.04625,1.200074,-106.5634
-86.5733,1.200074,-106.1989
-85.49774,1.200075,-106.9326
-83.71301,1.200074,-107.7814
-82.75529,1.200073,-106.7635
-82.05507,1.20007,-104.9434
-80.68698,1.200065,-103.0494
-78.74298,1.200062,-102.2406
-76.64227,1.200059,-101.7518
-74.34182,1.200054,-100.9285
-72.90807,1.200052,-99.34594
-71.67493,1.200052,-97.64109
-70.36334,1.200051,-95.73647
-68.95055,1.20005,-94.14557
-67.26186,1.20005,-93.20093
-65.93095,1.20005,-91.69421
-64.76095,1.20005,-90.07281
-64.10667,1.20005,-88.28146
-63.59841,1.200048,-86.34734
-62.68149,1.200049,-84.25735
-62.01085,3.269822,-82.2735
-62.24311,4.606252,-80.66814
-62.51114,5.001323,-79.21957
-61.47261,4.904773,-78.03608
-59.94471,4.260594,-76.92018
-58.63335,3.116803,-75.7578
-58.73434,1.49997,-74.29779
-59.45316,1.222195,-72.78361
-59.58795,1.220607,-70.87016
-59.18755,2.725324,-68.29217
-58.7661,5.099786,-65.67999
-58.3467,5.738471,-63.0779
-58.03372,5.708575,-60.97322
-58.39422,5.236786,-59.40418
-58.41333,4.349799,-57.80199
-58.12141,2.905311,-56.00529
-57.72994,1.223511,-54.21574
-57.36066,1.224149,-52.70987
-56.78252,3.839664,-50.5826
-56.12338,5.449523,-48.15325
-55.23769,5.80935,-45.80385
-54.03183,5.553926,-44.2681
-52.62123,4.773794,-43.01311
-51.13542,3.511246,-41.92052
-49.39433,1.557071,-40.88007
-47.92174,2.528996,-40.1041
-46.40438,3.673958,-39.28928
-44.77225,4.151275,-38.29988
-43.22894,3.046202,-37.20505
-41.78057,1.208779,-36.00928
-40.68684,1.218051,-34.80745
-40.20224,1.200017,-33.19917
-39.21917,1.200015,-31.73869
-37.94963,1.200012,-30.34679
-35.90821,2.904628,-28.25706
-32.89798,3.895741,-25.20204
-31.01546,4.218795,-23.299
-29.37769,4.101943,-21.64674
-27.9004,3.435483,-20.15741
-26.39057,2.130025,-18.63555
-25.07723,1.271156,-17.27901
-23.56451,1.359234,-15.69827
-21.69873,2.337283,-13.80236
-19.81452,5.045962,-11.89878
-17.96311,5.86607,-10.03133
-16.39243,5.932033,-8.447769
-15.07414,5.560798,-7.118912
-13.84697,4.782935,-5.882004
-12.69499,3.657502,-4.720909
-11.57292,2.194324,-3.589981
-10.50282,1.201856,-2.512329
-9.539192,1.228529,-1.543999
-8.297775,2.43481,-0.298317
-6.856087,4.679343,1.148155
-5.341698,5.635786,2.667549
-3.838799,5.887627,4.02578
-2.385529,5.779565,4.842186
-0.9789429,5.329717,5.210266
-0.2693863,4.479261,5.350723
-0.03840637,3.441178,5.396446
0.05517578,2.141102,5.41497
0.2888565,1.201868,5.29895
0.9088669,1.222834,4.789398
1.600121,1.200057,3.976318
2.191742,1.200009,2.934799
2.657707,1.200009,1.73616
3.046677,1.200008,0.3962708
3.284256,1.200011,-1.206955
3.351158,1.200011,-1.958206
3.358124,1.200011,-2.037857
3.357887,1.200011,-2.037888
3.357658,1.200011,-2.037918
3.357628,1.200011,-2.037979
3.357628,1.200012,-2.038048
3.357613,1.200011,-2.038094
3.357536,1.20001,-2.038124
3.357445,1.200011,-2.038147
3.357384,1.200011,-2.038177
3.357384,1.200009,-2.038223
3.357384,1.20001,-2.038254
3.357384,1.20001,-2.038292
3.357323,1.20001,-2.038353
3.357246,1.200011,-2.038399
3.357216,1.200011,-2.038414
3.357201,1.20001,-2.038429
3.357201,1.200011,-2.038452
3.357201,1.20001,-2.038483
3.388832,1.200008,-1.89183
3.532074,1.200008,-1.239113
3.742599,1.200009,-0.2934799
3.99649,1.200009,0.8374329
4.269173,1.200008,2.047203
4.43544,1.200009,2.78389
4.50148,1.200009,3.076675
4.520699,1.200009,3.16214
4.522476,1.200009,3.169952
4.539299,1.200008,3.235703
4.678352,1.200005,3.773445
4.938568,3.001302,4.768723
5.192101,4.149049,5.732948
5.393784,4.716451,6.497704
5.645523,4.964473,7.450195
5.91626,5.018882,8.473648
6.205414,4.850659,9.56633
6.509567,4.423632,10.71687
6.793571,3.779013,11.81489
7.069283,3.319153,12.25027
7.091202,2.724761,12.30293
7.159187,1.610687,12.57858
7.175529,1.200537,12.64544
7.175446,1.200015,12.6454
7.175385,1.200016,12.64537
7.175323,1.200016,12.64534
7.17527,1.200015,12.64534
7.175255,1.200015,12.64533
7.175232,1.200015,12.64532
7.175209,1.200015,12.64532
7.175125,1.200015,12.64529
7.244583,1.200011,12.62753
7.774467,1.200014,12.49303
8.582062,1.200016,12.28893
9.762192,1.200016,11.99152
10.72293,1.200018,11.74972
11.15842,1.200017,11.64007
11.30843,1.200017,11.60226
11.34109,1.200018,11.59399
11.34132,1.200017,11.59389
11.17905,1.200015,11.65087
10.75697,1.931772,12.09145
10.34151,3.319737,12.79443
10.2059,4.269758,13.51617
10.22236,4.760369,14.26199
10.34725,4.988403,15.25209
10.53122,4.995926,16.39281
10.53061,4.775549,17.40605
10.6745,3.478931,18.15523
10.79613,2.071167,18.49673
10.85167,1.261525,18.65268
10.85826,1.200067,18.67125
10.8582,1.200017,18.6712
10.85814,1.200019,18.67119
10.85808,1.200019,18.67116
10.858,1.200019,18.67113
10.85793,1.200018,18.6711
10.85785,1.200019,18.67105
10.8578,1.200019,18.67101
10.81385,1.200016,18.4294
10.69463,1.200017,17.77391
10.53314,1.200017,16.88565
10.34634,1.200016,15.85835
10.12427,1.200016,14.6367
9.904022,1.200016,13.41013
9.703056,1.200015,12.23067
9.525688,1.200015,11.13324
9.439133,1.200016,10.59367
9.406326,1.200016,10.38943
9.397644,1.200016,10.33571
9.37648,1.633377,10.42616
9.227135,3.13286,10.95021
9.013977,4.109241,11.57121
8.747505,4.674791,12.22111
8.397919,4.936915,12.98337
8.007339,5.024811,13.79121
7.574005,4.914048,14.66811
7.311264,4.600354,15.19881
7.189415,4.082043,15.44493
7.138115,3.960991,15.50558
7.135223,3.959261,15.50788
7.136398,3.958918,15.51328
7.580406,5.273885,15.69421
8.028275,6.408228,16.22214
8.480438,7.182652,17.0105
8.938042,7.524524,17.90694
9.396324,7.645338,18.83951
9.825684,7.549869,19.76389
10.21055,7.295413,20.73328
10.46431,7.250024,21.63606
10.57452,7.249998,22.08728
10.61448,7.249998,22.25107
10.62598,7.249999,22.2982
10.6266,7.249999,22.30074
10.52216,7.249996,22.51389
10.20145,7.249997,23.06715
9.710777,7.249998,23.78464
9.077026,7.249996,24.59628
8.192085,7.249998,25.10754
7.022308,8.292887,25.27582
5.968643,9.516028,25.53809
5.136337,10.36164,25.93301
4.303734,10.80496,26.46086
3.421555,11.01275,27.08969
2.493294,11.05849,27.72256
1.399574,10.91091,28.00801
0.02445221,10.4696,28.03961
-1.13826,9.885588,27.95602
-2.293861,9.116648,27.83096
-3.500183,8.107321,27.69147
-4.543869,7.263443,27.88568
-5.298782,7.253331,28.33862
-5.976059,7.255697,29.02249
-6.557724,7.250001,29.91365
-6.971336,7.249998,30.9882
-7.163933,7.249996,32.08592
-7.338692,7.249996,33.19891
-7.709236,7.249995,34.31741
-7.749069,7.249996,35.6138
-7.60482,8.580178,36.80539
-7.391853,9.752394,37.97556
-7.19445,10.53391,38.92987
-6.764069,10.90143,40.80289
-6.085449,11.05895,43.71146
-5.583878,11.04324,45.82854
-5.197083,10.83598,47.43408
-4.855011,10.41854,48.83699
-4.534592,9.764299,50.17259
-4.303635,8.910562,51.22546
-4.164627,7.82756,52.05762
-4.068542,7.250692,53.09863
-4.040985,7.267402,54.10629
-4.053177,7.25158,55.16876
-4.095673,7.249999,56.29988
-4.19651,7.249999,57.41632
-4.411919,7.249996,58.53827
-4.758575,7.249996,59.57303
-5.244881,7.249997,60.54428
-6.011261,7.249995,61.17781
-6.953247,7.249996,61.7296
-7.76239,7.249998,62.4975
-8.473305,7.249998,63.31679
-9.136124,7.249995,64.14314
-9.99472,7.249997,65.25349
-10.6752,7.249996,66.13573
-11.37832,7.249998,67.01547
-12.0719,7.249998,67.83124
-12.79926,7.249995,68.64236
-13.54841,7.249996,69.44827
-14.29796,7.249996,70.23769
-15.0461,7.249998,71.01639
-15.79789,7.249996,71.79391
-16.57104,7.249996,72.59081
-17.35619,8.202445,73.39865
-18.14378,9.427832,74.20833
-18.86558,10.33879,74.94958
-19.74355,10.86149,75.83525
-20.51267,11.03972,76.59198
-21.33973,11.06277,77.39241
-22.12394,10.90681,78.14682
-22.56192,10.56868,78.56833
-22.77177,10.04806,78.77029
-22.87254,9.343044,78.86728
-22.92171,8.42623,78.91458
-23.10405,7.845469,79.12881
-23.47777,7.862543,79.59216
-24.00479,7.844029,80.26755
-24.62379,7.842799,81.0784
-25.29828,7.842799,81.94501
-26.31376,7.842799,82.60028
-27.18951,8.390564,83.16458
-27.89698,9.826081,83.99055
-29.25629,10.59676,85.96606
-30.61183,10.94582,88.10114
-31.41276,11.06748,89.56696
-31.90865,11.31192,90.66112
-32.28539,11.35366,91.64841
-32.64596,10.98298,92.73242
-32.89634,10.7435,93.58231
-32.97336,10.78997,93.84515
-33.01914,10.74454,94.0014
-33.03015,10.7428,94.03897
-33.03016,10.74279,94.039
-32.82563,10.7428,94.03214
-32.24591,10.7428,94.01349
-31.44067,10.74279,93.9982
-30.50901,10.74279,94.00717
-29.50227,10.7428,94.0526
-29.02388,10.7428,94.07788
-28.81525,10.7428,94.08893
-28.74702,10.7428,94.09253
-28.73797,10.7428,94.093
-28.73797,10.74279,94.09302
-28.73795,10.7428,94.09302
-28.82439,10.74279,94.1167
-29.3558,10.74279,94.24905
-30.10994,10.74279,94.38675
-30.95595,10.74279,94.48
-31.9431,11.58194,94.53989
-32.89269,12.78998,94.57104
-33.74634,13.63903,94.58562
-34.5979,14.10701,94.59015
-35.62858,14.34595,94.58893
-36.67514,14.42493,94.59357
-37.77882,14.3391,94.61092
-38.8874,14.08139,94.64856
-40.22484,13.53981,94.74837
-41.36086,12.9404,94.90237
-42.30079,12.89751,95.10739
-43.25687,12.91066,95.43964
-44.2869,12.89748,95.96579
-45.21366,13.44906,96.59917
-45.96054,14.83622,97.20518
-46.6489,15.76574,97.8837
-47.37169,16.27822,98.72884
-48.01856,16.50758,99.62265
-49.00984,16.60764,101.1734
-50.52305,16.64991,103.5831
-51.65669,16.58832,105.4667
-52.61583,16.31241,107.1652
-53.27603,15.87947,108.3975
-53.84672,15.28296,109.4955
-54.26809,14.48965,110.3164
-54.58189,13.5059,110.9434
-55.03317,12.2563,111.8811
-55.46027,12.12012,112.8099
-55.88926,12.13744,113.812
-56.28666,12.12009,114.8207
-56.65545,12.12,115.8605
-57.00444,12.12,116.955
-57.31755,12.12,118.0635
-57.58734,12.12,119.2802
-57.76038,13.79721,120.5589
-57.83734,14.78513,121.6581
-57.87246,15.45349,122.5692
-57.85585,15.77919,123.5772
-57.77129,15.92827,124.6523
-57.62003,15.91452,125.7996
-57.42249,15.71752,126.9355
-57.18723,15.34429,128.0409
-56.92281,14.80293,129.1222
-56.60953,14.0146,130.2963
-56.35366,14.08657,131.1478
-56.14592,15.76544,131.4523
-55.7391,17.04543,132.2381
-55.16233,17.78872,133.1929
-54.10468,18.0903,134.7792
-49.0507,18.30017,142.0086
-47.85076,18.13698,142.8568
-46.70065,17.81148,143.3684
-45.54437,17.30348,143.7269
-44.25211,16.5113,144.0344
-43.06444,15.57303,144.2789
-41.87312,14.42351,144.5199
-40.875,13.10822,144.9884
-39.93079,11.26699,145.9147
-39.33907,10.75098,146.7058
-38.69147,10.77146,147.2838
-37.79212,10.75039,147.6626
-36.78965,10.75,147.9047
-35.79539,10.75,148.2705
-34.90884,10.75,148.8579
-33.95781,10.75,149.4073
-32.93932,10.75,149.5204
-31.78093,10.75,149.3085
-30.67014,11.01662,148.8412
-29.6515,12.62221,148.1629
-28.66386,13.79854,147.2613
-27.90419,14.33741,146.4037
-27.07378,14.55712,145.3245
-26.26462,14.51437,144.127
-25.44277,14.16032,142.7137
-23.58269,13.89079,139.2931
-22.19378,13.30485,136.5383
-21.3317,12.23264,134.5801
-20.66283,10.7537,132.9035
-20.14851,8.746594,131.5562
-19.56824,6.049188,129.9561
-19.12896,3.941772,128.6719
-18.72467,1.934462,127.4366
-18.33769,1.000981,126.2217
-18.00891,1.021104,125.1854
-17.63485,1.000107,124.0357
-17.20844,0.9999989,122.7864
-16.7795,0.9999952,121.5971
-16.33094,0.9999948,120.416
-15.86941,0.9999983,119.2705
-15.3769,0.9999965,118.1057
-14.76009,0.9999987,116.6913
-14.16369,2.784292,115.3537
-13.64774,3.977242,114.2398
-13.05116,4.584589,113.0518
-11.42725,4.813306,109.9192
-10.11273,4.80542,107.4697
-8.856102,4.528542,106.1519
-7.508591,3.960805,105.3849
-6.423218,3.130234,104.6533
-5.858398,2.076037,104.1501
-5.126518,1.397318,103.249
-4.33493,2.673949,102.2009
-3.524277,3.54603,101.1156
-2.757957,3.935044,100.0885
-1.978699,4.028593,99.04382
-1.201637,3.231959,97.99881
-0.4300385,1.756949,96.92535
0.2903671,1.001215,95.86133
0.9243393,1.022852,94.86266
1.56572,1.000166,93.77611
2.197365,0.9999983,92.58105
2.853966,0.9999989,90.85524
3.041069,0.9999998,88.67459
3.034859,0.9999999,88.00327
3.034248,1,87.93723
3.034248,0.9999993,87.93719
3.009651,0.9999981,87.85617
2.506844,0.9999982,86.19998
1.888977,0.9999979,84.16486
1.264374,0.9999989,82.10751
0.6398926,0.9999986,80.0506
-0.05684662,0.9999981,77.75394
-0.6091843,0.9999987,75.5443
-1.037285,0.999999,73.16412
-1.443405,0.9999974,71.022
-1.879517,0.9999994,68.82214
-2.334366,3.318634,66.5213
-2.78743,4.05259,64.18097
-3.273117,3.774718,61.69582
-3.732826,2.656193,59.35739
-4.180534,1.203311,57.08411
-4.640175,1.201303,54.86523
-5.257683,1.200014,52.74045
-6.081924,1.200012,50.7157
-6.575638,1.200013,48.39171
-7.603226,1.200014,46.65097
-8.901375,1.200013,44.91122
-10.1064,1.200014,42.95509
-10.24934,1.200015,40.90112
-10.90731,1.200016,38.80507
-11.37107,1.200016,36.43939
-12.15859,1.200014,34.16853
-12.87461,1.200014,31.84137
-13.24211,1.200012,29.51598
-13.36842,1.200012,27.31729
-13.38068,1.200011,25.23387
-13.3529,1.200011,23.0807
-13.31136,1.20001,20.86568
-13.27133,1.200012,18.89368
-13.231,1.200011,16.92465
-13.19133,1.200011,15.00513
-13.15141,1.200013,13.08001
-13.14016,1.200014,11.01042
-13.42119,1.200016,8.521004
-14.07367,1.200015,6.153687
-14.88719,1.200017,4.075577
-15.58282,1.200019,2.498474
-15.78502,1.200019,2.045357
-15.81781,1.20002,1.971947
-15.81793,1.200019,1.971893
-15.81804,1.200019,1.971848
-15.81814,1.200018,1.971825
-16.02567,1.200018,1.733788
-16.84787,1.200019,0.8424225
-17.47907,1.20002,-0.8369217
-17.6589,1.200021,-2.83429
-17.75822,1.200022,-4.972816
-17.92242,1.200023,-7.215446
-18.3133,1.200023,-9.432487
-18.98775,1.200023,-11.30785
-20.21568,1.200025,-12.50637
-21.97175,1.200026,-13.19574
-23.53859,1.200026,-14.09694
-24.78752,1.200025,-15.29701
-25.35023,1.200024,-15.7139
-25.46856,1.200025,-15.80157
-25.63688,1.200023,-15.7663
-26.4666,1.219249,-15.56171
-26.86087,1.200017,-15.46165
-26.9296,1.200015,-15.44421
-26.92976,1.200014,-15.44417
-27.13799,1.200012,-15.26463
-27.38726,1.200015,-15.04856
-27.43894,1.200014,-15.00376
-27.43896,1.200015,-15.00375
-27.43896,1.200014,-15.00374
-27.43896,1.200014,-15.00373
-27.16172,1.200013,-15.31432
-26.52266,1.200013,-15.97044
-25.76945,1.200013,-16.69775
-25.37703,1.200014,-17.07347
-25.32293,1.200022,-17.12526
-25.32149,1.200023,-17.12665
-25.32148,1.200023,-17.12666
-25.32147,1.200022,-17.12666
-25.32146,1.200022,-17.12666
-25.39624,1.200012,-17.51072
-25.92174,1.200013,-18.17666
-26.86265,1.200011,-18.8424
-27.82702,1.200012,-19.07317
-28.11658,1.200014,-18.8694
-28.20491,1.200014,-18.80724
-28.21129,1.200015,-18.80275
-28.2113,1.200015,-18.80274
-28.2113,1.200014,-18.80273
-27.96476,1.200011,-18.82881
-27.15109,1.200013,-19.36994
-25.92398,1.200014,-19.79167
-24.47174,1.214566,-19.62808
-23.69131,1.322034,-18.67874
-23.46109,1.263486,-18.25737
-23.39627,1.200095,-18.13871
-23.39575,1.200022,-18.13757
-23.39587,1.200022,-18.13762
-23.39603,1.200022,-18.13767
-23.39612,1.200023,-18.13774
-23.3962,1.200021,-18.13773
-23.39627,1.200023,-18.13779
-23.39645,1.200022,-18.13781
-23.39663,1.200022,-18.13785
-23.39678,1.200022,-18.13788
-23.39679,1.200022,-18.13799
-23.39684,1.200021,-18.13805
-23.39684,1.200022,-18.13808
-23.39693,1.200022,-18.13809
-23.39701,1.200022,-18.13811
-23.42511,1.200021,-18.35873
-23.80723,1.20002,-19.26342
-24.64854,1.293307,-20.35146
-25.43294,1.251058,-20.93776
-26.55093,1.200014,-21.27064
-28.09612,1.200012,-21.94118
-29.86671,1.200014,-22.59429
-31.63158,1.200012,-23.31767
-33.3331,1.200015,-24.57489
-34.631,1.200013,-26.23347
-35.31276,1.200014,-28.59024
-36.13647,1.200014,-30.6201
-37.00298,1.200013,-32.51752
-37.7691,1.200015,-34.41776
-38.45267,1.200016,-36.37759
-39.08297,1.200017,-38.30646
-39.66378,1.20002,-40.12233
-40.40226,1.200022,-42.16557
-41.67487,1.200023,-43.35484
-43.07199,1.200025,-44.40927
-43.51728,1.200026,-44.84297
-43.6041,1.200027,-44.92755
-43.5752,1.200025,-44.72909
-43.42918,1.200025,-43.74939
-43.40385,1.200024,-42.3721
-44.61768,1.200025,-41.61838
-46.18036,1.200025,-41.24867
-47.84502,1.200027,-41.11424
-49.35396,1.200028,-41.74907
-50.77529,1.200031,-42.74293
-51.51804,1.200031,-44.26123
-51.98551,1.200033,-45.95413
-53.01445,1.200034,-47.27657
-54.3843,1.200034,-48.64736
-54.98924,1.200031,-49.83306
-54.85553,1.200034,-51.02669
-54.63354,1.200036,-51.79887
-54.85388,1.200035,-52.27438
-55.56639,1.200037,-52.83245
-56.48856,1.200037,-53.43926
-57.56543,1.200042,-54.13881
-58.35326,1.200043,-55.10503
-58.67574,1.200044,-56.25068
-58.77977,1.200045,-57.7232
-58.71088,1.200045,-59.10169
-58.52371,1.200045,-60.37827
-58.17323,1.200045,-61.68262
-57.65532,1.200045,-62.96776
-57.27323,1.200047,-64.12079
-57.14939,1.200047,-64.61301
-57.11196,1.200048,-64.76178
-57.11376,1.200044,-64.83803
-57.18774,1.200048,-65.46779
-57.22517,1.200048,-65.82307
-57.29379,1.200046,-65.44853
-57.47343,1.200045,-64.48676
-57.74274,1.200048,-63.21564
-58.07645,1.200046,-61.72011
-58.38917,1.200046,-60.17934
-58.59615,1.200044,-58.5946
-58.60963,1.200046,-57.05775
-58.43426,1.200044,-55.60772
-58.55903,1.200043,-54.29948
-58.41225,1.200042,-52.85183
-57.97024,1.200039,-51.61493
-57.32232,1.200038,-50.38437
-56.55116,1.200035,-49.24194
-55.67878,1.200033,-48.16379
-54.78934,1.200033,-47.22457
-53.82104,1.200032,-46.39845
-52.74363,1.200032,-45.64357
-51.63646,1.200031,-44.95915
-50.537,1.200032,-44.32484
-49.94976,1.200031,-43.99125
-49.77401,1.200031,-43.89143
-49.74421,1.20003,-43.87453
-49.62531,1.200029,-43.84447
-48.85467,1.200028,-43.66451
-48.3763,1.200029,-43.5564
-48.25826,1.200029,-43.52937
-48.78,1.200027,-43.62794
-49.80081,1.200029,-43.82014
-51.24739,1.200032,-44.09218
-52.91021,1.200032,-44.43954
-54.39417,1.200033,-44.83393
-55.69276,1.200034,-45.46251
-56.40421,1.200033,-46.45323
-56.90027,1.200035,-47.62273
-57.30122,1.200035,-48.88601
-57.63114,1.200037,-50.16228
-57.89787,1.200038,-51.50246
-58.07504,1.200041,-52.87356
-58.37931,1.200044,-54.20728
-59.03155,1.200043,-55.57182
-59.55822,1.200045,-56.9569
-59.82909,1.200046,-58.41742
-59.89197,1.200047,-59.92128
-59.83541,1.200047,-61.46873
-59.69869,1.200047,-63.11081
-59.89282,1.200048,-64.78767
-59.92313,1.200051,-66.24078
-59.89964,1.200051,-66.72847
-59.8965,1.20005,-66.79375
-59.89649,1.200049,-66.79375
-59.89649,1.200049,-66.79376
-59.89648,1.200049,-66.79379
-59.89648,1.20005,-66.79382
-59.89645,1.20005,-66.79382
-59.88332,1.200048,-66.7177
-59.77606,1.200047,-66.09544
-59.61898,1.200047,-65.20809
-59.56519,1.200049,-64.90759
-59.63284,1.200047,-64.96258
-59.97666,1.200047,-65.51301
-60.47023,1.200047,-66.3479
-60.71056,1.20005,-67.42549
-60.83384,1.200051,-68.68094
-60.85042,1.200051,-69.21088
-60.85472,1.200052,-69.34814
-60.85513,1.200049,-69.36136
-60.85874,1.20005,-69.36276
-61.44479,1.200051,-69.5918
-62.4435,1.200051,-69.98336
-63.64399,1.200049,-70.47081
-64.98796,1.200051,-71.12093
-66.17865,1.200051,-71.88039
-67.0425,1.200051,-72.78082
-67.35719,1.200052,-73.90281
-67.46423,1.200053,-74.50368
-67.49915,1.200053,-74.69977
-67.50125,1.200052,-74.74226
-67.09232,1.200052,-75.14674
-66.68872,1.200052,-75.54934
-66.58348,1.200052,-75.65431
-66.57053,1.200052,-75.66723
-66.28052,1.200051,-75.45206
-65.39161,1.200051,-74.97893
-64.32008,1.20005,-74.39264
-63.66293,1.200051,-73.76746
-63.45337,1.20005,-73.59353
-63.4931,1.200049,-74.07359
-63.77863,1.200052,-74.90895
-64.13229,1.200051,-75.63043
-64.38924,1.200049,-75.80936
-64.97868,1.20005,-75.45852
-65.37985,1.200052,-75.16929
-65.51722,1.200052,-75.07027
-65.5274,1.200052,-75.06291
-65.52739,1.200051,-75.0629
-65.45542,1.200049,-75.18651
-65.11861,1.200051,-75.76582
-64.92549,1.20005,-76.09814
-64.86749,1.200051,-76.19795
-64.86523,1.20005,-76.20184
-64.82362,1.20005,-76.20506
-64.13056,1.200051,-76.25063
-63.24851,1.200051,-76.30065
-62.91383,1.200052,-76.31936
-62.85828,1.200051,-76.32247
-62.58116,1.20005,-75.92193
-61.83951,1.20005,-74.86392
-61.36246,1.20005,-74.18665
-60.80025,1.20005,-73.3174
-60.2743,1.200051,-72.20025
-60.11112,1.20005,-71.82253
-60.08343,1.200051,-71.75841
-59.97141,1.20005,-71.27258
-60.05722,1.20005,-70.13158
-59.62689,1.20005,-68.66356
-58.92776,1.200048,-67.11781
-58.27159,1.200048,-65.79155
-58.03778,1.200048,-65.32121
-58.01025,1.200049,-65.26582
-58.01025,1.200048,-65.26581
-57.61131,1.200046,-64.70222
-57.13354,1.200048,-64.47187
-57.0397,1.200046,-64.42663
-57.03906,1.200048,-64.42632
-57.03905,1.200047,-64.42632
-57.49916,1.200047,-64.12563
-58.72282,1.200048,-63.29897
-59.9304,1.200047,-62.22858
-60.98376,1.200047,-60.93493
-61.4426,1.200047,-60.2477
-60.8843,1.200046,-59.65255
-60.23647,1.200046,-59.61794
-59.80584,1.200047,-60.04938
-59.71231,1.200049,-60.14443
-59.70899,1.200048,-60.14781
-59.70899,1.200047,-60.14783
-59.70899,1.200047,-60.14785
-59.70899,1.200047,-60.14787
-59.70899,1.200049,-60.14788
-59.70899,1.200047,-60.1479
-59.70897,1.200047,-60.14792
-59.70897,1.200048,-60.14794
-59.70898,1.200048,-60.14796
-59.70897,1.200048,-60.14797
-59.70897,1.200047,-60.148
-59.70897,1.200047,-60.14801
-59.70897,1.200047,-60.14803
-59.70897,1.200048,-60.14804
-59.70897,1.200048,-60.14806
-59.70896,1.200048,-60.14807
-59.70896,1.200048,-60.14809
-59.70896,1.200047,-60.14811
-59.70896,1.200048,-60.14812
-59.70896,1.200047,-60.14814
-59.70895,1.200048,-60.14816
-59.70894,1.200048,-60.14817
-59.70894,1.200047,-60.14818
-59.70893,1.200047,-60.14821
-59.70893,1.200047,-60.14822
-59.70893,1.200047,-60.14823
-59.70893,1.200048,-60.14825
-59.70894,1.200047,-60.14825
-59.70893,1.200048,-60.14827
-59.70893,1.200048,-60.14828
-59.70892,1.200047,-60.1483
-59.70892,1.200048,-60.14832
-59.70892,1.200047,-60.14834
-59.70892,1.200048,-60.14836
-59.70892,1.200048,-60.14838
-59.70892,1.200048,-60.14839
-59.70892,1.200047,-60.14841
-59.70892,1.200047,-60.14843
-59.70892,1.200047,-60.14845
-59.70892,1.200048,-60.14847
-59.70892,1.200048,-60.14849
-59.70892,1.200046,-60.1485
-59.70892,1.200048,-60.14853
-59.70892,1.200047,-60.14854
-59.70892,1.200048,-60.14857
-59.70892,1.200047,-60.14858
-59.70892,1.200047,-60.1486
-59.70892,1.200049,-60.14862
-59.70891,1.200047,-60.14864
-59.85637,1.200046,-59.79442
-59.65876,1.200045,-58.89592
-59.09175,1.200046,-57.81506
-58.53436,1.200044,-56.47839
-58.03964,1.200044,-54.9397
-57.14293,1.200041,-53.89337
-55.91642,1.20004,-53.64018
-54.79238,1.200038,-54.19781
-54.3586,1.200037,-54.54467
-54.32556,1.200037,-54.5711
-54.32556,1.200036,-54.57111
-54.30878,1.200037,-54.5701
-54.14045,1.200037,-54.55116
-53.88043,1.200037,-54.49377
-53.58677,1.200035,-54.35371
-53.43903,1.200035,-54.10815
-53.30731,1.200035,-53.81889
-53.16005,1.200033,-53.47708
-52.99638,1.200034,-53.09321
-52.99461,1.200033,-52.75439
-53.07225,1.200033,-52.46078
-53.15323,1.200033,-52.16173
-53.25037,1.200033,-51.83034
-53.48123,1.200031,-51.61301
-53.78724,1.200032,-51.40351
-54.26054,1.200033,-51.08
-54.85641,1.200034,-50.63668
-55.51414,1.200034,-50.52523
-55.81086,1.200034,-51.12209
-55.63455,1.200036,-51.99413
-55.05398,1.200037,-52.88033
-54.04111,1.200034,-53.42469
-53.22664,1.200035,-53.7183
-52.78798,1.200032,-53.8483
-52.46314,1.200031,-53.94268
-52.15473,1.200033,-54.03518
-51.88113,1.200033,-54.11947
-51.61761,1.200032,-54.20221
-51.35861,1.200031,-54.28435
-51.09228,1.200032,-54.36919
-50.83491,1.200031,-54.45131
-50.59023,1.20003,-54.42971
-50.35694,1.20003,-54.33023
-50.09304,1.20003,-54.19868
-49.41949,1.200028,-53.73487
-49.32646,1.200028,-53.49805
-49.32214,1.200029,-53.25672
-49.41886,1.200027,-53.01899
-49.53443,1.200027,-52.78522
-49.6096,1.200027,-52.63678
-49.64152,1.200026,-52.57396
-49.655,1.200029,-52.54763
-49.66112,1.200029,-52.53593
-49.66334,1.200029,-52.53195
-49.66427,1.200027,-52.53046
-49.66473,1.200028,-52.52991
-49.66498,1.200027,-52.52973
-49.66507,1.200026,-52.52965
-49.6651,1.200028,-52.5296
-49.66512,1.200027,-52.52959
-49.66512,1.200028,-52.52958
-49.66513,1.200029,-52.52957
-82.19197,0.0984372,-111.7959
-82.19197,0.1915698,-111.7959
-82.19197,0.3226297,-111.7959
-82.19197,0.3548718,-111.7959
-82.19197,0.2152044,-111.7959
-82.19197,0.2332815,-111.7959
-82.19197,0.2546575,-111.7959
-82.19197,0.2501666,-111.7959
-82.19197,0.2430846,-111.7959
-82.19197,0.2491926,-111.7959
-82.19197,0.2535896,-111.7959
-82.19197,0.2877467,-111.7959
-82.19197,0.2797877,-111.7959
-82.19196,0.3118469,-111.7959
-82.19196,1.144121,-111.7959
-82.2083,1.200061,-111.8007
-82.67075,1.200073,-111.9057
-83.48857,1.200073,-112.011
-84.5515,1.200073,-112.0641
-85.56692,1.200075,-112.0727
-86.01332,1.200075,-112.0747
-86.13873,1.200072,-111.9794
-85.92985,1.200073,-111.5058
-85.26895,1.200073,-111.088
-84.30136,1.200075,-110.7282
-83.39278,1.200073,-110.1488
-82.96839,1.200076,-109.1223
-83.07055,1.200071,-108.0595
-83.44426,1.200072,-106.9379
-83.89187,1.200072,-105.7652
-84.21977,1.200073,-104.569
-84.36209,1.200073,-103.9509
-84.41434,1.200073,-103.724
-84.3838,1.200071,-103.2652
-84.20676,1.200068,-102.4111
-83.78308,1.200068,-101.3942
-82.98335,1.200066,-100.2583
-81.8243,1.200063,-99.17049
-80.91815,1.200062,-98.11886
-80.41229,1.200061,-97.3652
-80.24016,1.200058,-97.10873
-80.17041,1.20006,-97.23033
-80.09579,1.200061,-97.41308
-79.69771,1.200058,-97.33142
-79.25166,1.200058,-96.97424
-78.83611,1.200057,-96.62811
-78.43924,1.200057,-96.60207
-78.17113,1.200056,-96.83499
-77.93208,1.200057,-97.12756
-77.70457,1.200057,-97.44315
-77.47819,1.200057,-97.87329
-77.18235,1.200058,-98.58003
-76.38099,1.200057,-99.22298
-75.49106,1.200057,-99.76105
-74.91342,1.200055,-99.45731
-73.89735,1.200052,-98.73663
-72.6461,1.200051,-97.93077
-71.26212,1.200051,-97.07677
-69.77665,1.200051,-96.02512
-68.45747,1.200049,-94.67663
-67.21239,1.20005,-93.02477
-66.09507,1.200049,-91.37662
-65.11607,1.20005,-89.7023
-64.31419,1.20005,-87.9183
-63.94893,1.20005,-86.14385
-63.9985,1.20005,-84.37125
-63.76099,1.200049,-82.55543
-64.14086,1.20005,-80.80614
-64.1239,1.20005,-79.55281
-64.00805,1.20005,-78.2813
-64.21791,1.200052,-76.96829
-64.25436,1.200052,-76.52056
-64.26031,1.200052,-76.44748
-64.26031,1.200051,-76.44746
-64.26031,1.200052,-76.44742
-64.2603,1.200051,-76.4474
-64.2603,1.200052,-76.44739
-64.2603,1.200051,-76.44737
-64.2603,1.200052,-76.44736
-64.2603,1.200052,-76.44734
-64.26029,1.200051,-76.44733
-64.26029,1.200051,-76.44731
-64.26029,1.200051,-76.4473
-64.26028,1.200052,-76.4473
-64.26027,1.200052,-76.44729
-64.26027,1.200051,-76.44727
-64.26025,1.200052,-76.44727
-64.26025,1.200051,-76.44725
-64.26025,1.200051,-76.44724
-64.26025,1.200051,-76.44725
-64.26025,1.200052,-76.44724
-64.26025,1.200052,-76.44722
-64.26025,1.200052,-76.4472
-64.26025,1.200052,-76.44719
-64.26025,1.200053,-76.4472
-64.26025,1.200052,-76.4472
-64.26025,1.200051,-76.44719
-64.25382,1.20005,-76.52438
-64.10526,1.20005,-77.23869
-63.63469,1.20005,-78.31935
-63.15625,1.200049,-79.60349
-62.96098,1.200049,-81.09344
-63.05072,1.20005,-82.72977
-63.77586,1.200049,-84.07632
-64.88221,1.20005,-85.6787
-65.77003,1.200051,-87.02391
-66.60569,1.200051,-88.37875
-67.46172,1.20005,-89.82193
-68.54819,1.200051,-91.67276
-69.34592,1.20005,-93.02075
-69.72848,1.200049,-93.65649
-70.0011,1.390098,-94.08347
-70.78271,4.152187,-95.2669
-72.17377,5.573782,-97.37222
-73.19336,5.76811,-98.88927
-73.82733,5.570184,-99.77367
-74.28723,5.02195,-100.3793
-74.68127,4.161504,-100.8816
-75.06697,2.942577,-101.3661
-75.43645,1.422169,-101.8273
-75.72917,1.200086,-102.1919
-76.07761,1.200056,-102.6253
-76.58575,1.200058,-103.2573
-77.07436,1.200057,-103.8649
-77.22715,1.200058,-104.0549
-77.25934,1.200057,-104.0949
-77.25935,1.200061,-104.0949
-77.29361,1.200059,-104.0959
-77.86483,1.20006,-104.1105
-78.84083,1.200061,-104.1315
-79.90422,1.200065,-104.152
-80.3814,1.200067,-104.1611
-80.50412,1.200067,-104.1634
-80.37589,1.200066,-103.8369
-79.89848,1.200063,-103.0681
-79.53856,1.200062,-102.0791
-79.40868,1.20006,-100.7695
-79.18643,1.200061,-99.92364
-79.12151,1.200061,-99.67653
-79.10709,1.200061,-99.62166
-79.10705,1.200062,-99.62148
-79.10706,1.200062,-99.62147
-79.10704,1.20006,-99.62146
-79.10703,1.200061,-99.62146
-79.10703,1.200061,-99.62144
-79.32355,1.20006,-99.37021
-79.89322,1.200061,-98.60155
-80.88472,1.200062,-97.81093
-82.26331,1.200063,-97.79455
-83.68379,1.200065,-98.19518
-84.95275,1.200069,-99.06708
-84.88916,1.20007,-100.4971
-83.93796,1.200068,-100.8014
-82.53584,1.200066,-100.4945
-81.28015,1.200065,-100.0831
-80.87567,1.868388,-99.94786
-80.74414,3.697929,-99.90388
-80.70001,4.609128,-99.88911
-80.68651,4.875073,-99.88461
-80.68182,4.700181,-99.88306
-80.68042,3.799738,-99.88257
-80.68015,2.689118,-99.88248
-80.68005,1.204956,-99.88245
-80.68005,1.200062,-99.88245
