-83.00126,1.200074,-111.3987
-83.00124,1.200074,-111.3987
-82.07185,1.200074,-111.5187
-80.49815,1.200073,-111.5146
-80.42422,1.200072,-110.6025
-80.58474,1.200071,-108.8548
-79.24551,1.200068,-106.9484
-76.90916,1.200061,-104.7604
-74.99531,1.200057,-102.6592
-73.21616,1.200053,-100.6613
-71.4789,1.200051,-98.67622
-70.59061,1.200051,-96.70137
-69.15502,3.228042,-94.88839
-67.58798,4.774184,-93.19157
-66.0725,5.019275,-91.58321
-64.51842,4.57666,-89.93257
-62.98329,3.43265,-88.28795
-61.42313,1.532208,-86.60367
-60.69531,1.221723,-85.10617
-60.45053,2.602025,-82.91653
-59.39797,4.326082,-81.08368
-58.8386,4.730701,-79.06392
-58.38105,4.4861,-76.92065
-58.01587,3.582109,-74.78604
-58.11697,2.029666,-72.66159
-58.42617,1.200084,-70.77277
-57.88281,1.200069,-68.78943
-57.45301,3.436742,-66.95379
-57.40783,4.652543,-65.06519
-58.96091,5.017231,-61.07698
-59.84448,4.928916,-57.73148
-59.96635,4.273011,-55.25576
-59.74329,3.121249,-53.3263
-59.19538,1.318081,-52.23611
-57.9199,1.208576,-51.55841
-56.29255,1.200081,-50.96043
-55.01125,1.200033,-49.91367
-53.94375,1.200033,-48.36177
-52.67524,2.398174,-46.95483
-50.96096,4.219022,-46.35191
-49.6277,4.893386,-45.55652
-47.87225,4.978135,-44.47654
-46.30697,4.468501,-42.87154
-43.17508,4.087018,-39.3845
-41.24095,3.111255,-37.00286
-39.90244,1.46733,-35.13081
-38.98233,1.503547,-33.77432
-37.91018,3.681682,-32.28555
-34.91669,4.675406,-28.40633
-32.60931,4.602037,-25.48338
-31.2145,3.961629,-23.79079
-29.94878,2.829446,-22.29814
-28.70317,1.266656,-20.84813
-27.20488,1.222171,-20.03684
-25.47034,1.20002,-19.61517
-23.9911,1.325988,-19.2608
-22.24802,1.395339,-18.70447
-20.68847,1.322276,-18.06412
-19.14333,1.212914,-17.35129
-17.77914,1.200026,-16.66806
-16.56628,1.200022,-15.81586
-15.88232,1.200021,-14.61021
-15.39223,1.200022,-13.22058
-14.98084,1.200021,-11.78487
-14.62316,1.20002,-10.43217
-14.24034,1.20002,-8.938271
-13.46871,1.200019,-7.53714
-12.50703,1.200017,-6.550766
-11.52035,1.200017,-5.62989
-10.47992,1.200018,-4.672653
-9.372612,1.200017,-3.648857
-8.287758,1.200013,-2.636978
-7.267822,1.200014,-1.689034
-6.211082,1.200011,-0.771347
-5.040688,1.200011,0.1379776
-3.730064,1.200012,1.06369
-2.392426,1.200011,1.948227
-1.215378,1.20001,2.702011
-0.010849,1.200009,3.462952
1.132309,1.200008,4.180862
2.288635,1.200009,4.905121
3.453583,1.200006,5.63398
4.679428,1.200009,6.400658
5.863457,1.200009,7.141045
7.017952,1.200012,7.862862
8.250496,1.200012,8.63343
9.586189,1.200015,9.46846
10.72166,1.200016,10.17833
11.84829,1.200015,10.88278
13.00965,1.200016,11.61414
14.14695,1.200016,12.37038
15.25705,1.200019,13.18329
16.37881,1.20002,14.0929
17.4271,1.20002,15.03382
18.34574,1.20002,16.03957
18.69717,1.200019,17.2267
18.69035,1.200021,18.79384
18.49914,1.200021,20.18771
18.24676,1.200019,21.47832
17.95216,1.200021,22.76617
17.58633,1.20002,24.14099
17.19692,1.200021,25.40627
16.74476,1.200021,26.71484
16.26865,1.200019,28.00491
15.79509,1.20002,29.2491
15.63515,1.200022,30.55957
15.97821,1.200022,32.00449
16.47427,1.200022,33.39322
16.95063,1.200023,34.63943
17.38813,1.200024,35.79431
17.59138,1.200024,36.3331
17.65635,1.200024,36.50525
17.7683,1.200022,36.59641
18.38996,1.200023,36.8978
19.17262,1.200024,37.267
19.56292,1.200025,37.45064
19.70408,1.200025,37.51706
19.72579,1.200025,37.52725
19.72579,1.200025,37.52722
19.72575,1.200025,37.52718
19.72566,1.200025,37.52713
19.72567,1.200025,37.5271
19.72566,1.200025,37.52705
19.72565,1.200025,37.52701
19.72565,1.200025,37.52698
19.72565,1.200025,37.52695
19.76748,1.200022,37.10632
19.85724,1.200023,36.17398
19.97347,1.200022,34.9408
20.09284,1.200023,33.66084
20.22091,1.200023,32.28102
20.34589,1.200022,30.93155
20.47273,1.200023,29.56012
20.61183,1.200021,28.09433
20.76572,1.200022,26.74167
20.98876,1.200022,25.36667
21.31205,1.200022,23.92429
21.26611,1.200022,22.55016
20.77641,1.20002,21.17477
19.87756,1.200022,19.31627
18.90556,1.20002,18.26852
17.77518,1.200018,17.66689
16.54592,1.200019,17.0753
15.35314,1.200019,16.46251
14.1093,1.200017,15.78085
13.0034,1.200016,15.14953
11.84898,1.200018,14.47545
10.35831,1.200015,13.64992
9.364426,2.92975,14.0098
9.314987,3.774168,14.11382
9.312416,3.943037,14.16151
9.313286,3.943008,14.16126
9.313927,3.94269,14.16133
9.30294,3.931655,14.15606
9.186615,3.823969,14.04564
8.990387,3.377107,13.68559
9.133186,2.499022,12.85696
9.446625,1.303475,11.77007
9.862175,1.212378,10.48262
10.00808,1.200383,10.03727
9.956223,2.414915,10.18504
9.762199,3.70982,10.74899
9.495209,4.527975,11.52562
9.160172,4.895048,12.43223
8.505959,5.025205,13.1684
7.64357,4.898692,13.77191
7.015091,4.517304,14.46497
6.729301,3.937893,14.84697
6.718925,3.907888,14.8666
6.718948,3.907874,14.86658
6.718971,3.907868,14.86658
6.718987,3.907857,14.86656
6.825493,4.612932,14.79934
7.00267,6.108404,14.71158
7.00885,7.03801,15.12822
6.945724,7.48987,15.85371
6.861938,7.673536,16.68358
6.754768,7.645773,17.71059
6.435966,7.584075,20.58376
6.130943,7.601498,23.33783
6.005295,7.521663,24.48868
5.959328,7.305981,24.90968
5.978432,7.25003,24.76024
6.0326,7.249997,24.34065
5.920326,7.249996,24.16206
5.339149,7.249996,24.20712
4.572067,8.258854,24.67465
3.680962,9.692863,25.39752
2.954979,10.56397,26.04234
0.9373703,10.93763,27.8768
-1.345345,11.05331,29.96216
-2.724213,10.88213,31.25862
-3.752762,10.48372,32.24632
-4.617393,9.840406,33.19321
-5.045433,8.931444,34.11768
-5.219551,7.742213,34.79205
-5.230629,7.25068,35.59387
-5.132813,7.938669,36.5817
-4.976845,9.370648,37.69989
-4.762558,10.27874,39.05424
-4.288864,10.64674,41.94211
-3.764969,10.76505,45.10062
-3.410027,10.57402,47.19473
-3.147934,10.14329,48.72543
-2.951653,9.430489,49.856
-2.87059,8.481914,50.32257
-2.837105,7.384093,50.51529
-2.833961,7.250052,50.53337
-2.948792,7.26005,50.32922
-3.073547,7.250005,49.68842
-2.952171,7.974208,48.7412
-3.098,9.396315,47.80272
-3.934311,10.34271,45.46805
-5.241928,10.72433,42.14583
-6.003326,10.78035,40.46167
-6.359421,10.58155,39.00928
-6.367432,10.11432,37.64293
-6.172531,9.344344,36.31203
-5.761475,8.305269,35.44281
-5.087051,7.266341,34.68619
-4.238136,7.250004,34.41914
-3.145737,7.265831,34.26764
-1.924469,7.250012,34.10315
-0.412941,9.047408,33.85855
0.539566,10.23413,33.34764
1.285675,10.80585,32.59319
2.107567,11.05109,31.53281
3.442902,11.09208,29.64706
5.271797,11.0393,27.02864
6.536797,10.72919,25.20782
7.549263,10.15174,23.81976
8.661415,9.324508,23.06009
9.717766,7.989249,22.75549
10.42458,7.250774,22.9827
10.88513,7.25,23.43414
10.98675,7.257897,23.53485
11.0158,7.25,23.57199
11.24611,7.249996,24.04193
11.61983,7.25,24.83516
11.80501,7.25,25.23093
11.86217,7.249999,25.35312
11.87044,7.25,25.37076
12.25632,7.249267,25.19243
13.14642,7.068242,24.67751
14.12669,6.810351,24.05367
15.17348,6.373277,23.36255
15.95202,5.666659,22.84021
16.25217,4.695625,22.63879
16.37164,3.433385,22.55862
16.41864,1.874632,22.5271
16.43043,1.200326,22.51917
16.47474,1.212145,22.48853
17.01208,1.200023,22.11713
17.99885,1.20002,21.41161
18.96843,1.200021,20.7023
20.11236,1.200019,19.94281
21.34086,1.200022,19.59164
22.44745,1.20002,20.12744
23.27234,1.200023,21.29758
23.88534,1.200023,22.62401
23.72965,1.200022,24.49556
23.1999,1.200024,26.20309
22.58913,1.200023,27.88342
22.41971,1.200022,29.54329
22.77532,1.200023,31.14008
23.1586,1.200023,32.70044
23.52808,1.200024,34.31061
23.40882,1.200025,35.65468
22.83887,1.200024,36.95331
22.18412,1.200024,38.19579
21.91032,1.200025,38.82182
21.82284,1.200025,39.02168
21.76926,1.200023,38.72963
21.66509,1.200024,37.91035
21.05742,1.200024,36.7433
20.36718,1.200024,35.65359
19.70174,1.200023,34.58267
19.46156,1.200023,33.32285
19.57294,1.200023,31.94553
19.52988,1.200024,30.73183
19.14994,1.200024,30.03497
18.92399,1.200022,30.08122
18.69775,1.200023,30.87471
18.44968,1.20002,31.9297
18.18066,1.200022,33.16733
17.89018,1.200022,34.53433
17.59935,1.200022,35.86008
17.27537,1.200023,37.22247
16.93497,1.200023,38.57619
16.58927,1.200023,39.91222
16.41084,1.200024,40.5972
15.83146,1.200022,40.75513
15.39951,1.200024,40.7229
15.26048,1.200024,40.71249
15.23316,1.200024,40.71043
15.23306,1.200024,40.71042
15.23299,1.200024,40.7104
15.23289,1.200024,40.71037
15.23283,1.200025,40.71036
15.23281,1.200025,40.71033
15.23282,1.200025,40.7103
15.23273,1.200025,40.71027
15.23267,1.200024,40.71024
15.23258,1.200024,40.71022
15.23251,1.200025,40.71019
15.23244,1.200024,40.71016
15.23235,1.200024,40.71014
