-82.19197,1.200075,-111.7959
-81.50228,1.200074,-111.5526
-79.64729,1.200071,-110.7219
-77.37862,1.200067,-109.3037
-76.31564,1.200064,-108.5594
-76.79247,1.200064,-108.9513
-78.28176,1.200068,-110.1457
-80.1555,1.200072,-111.648
-82.06931,1.200074,-113.1098
-82.73747,1.200075,-113.5972
-82.43167,1.200074,-113.4705
-81.2925,1.200075,-112.9295
-80.99873,1.200075,-112.7888
-80.85271,1.200074,-112.2848
-80.1723,1.200072,-110.2809
-79.15446,1.200069,-108.3692
-79.46343,1.200068,-107.5104
-81.03879,1.200072,-108.1027
-82.14574,1.200074,-109.9267
-81.0534,1.200073,-110.6667
-79.4965,3.293943,-108.9805
-75.85175,4.397133,-104.2736
-73.90215,4.102784,-101.2904
-72.55354,2.706436,-98.85336
-71.83456,1.200875,-97.4598
-70.95561,1.218204,-95.62994
-69.94661,1.200051,-93.49178
-69.47317,1.200051,-92.50671
-69.29695,1.200052,-92.15486
-69.07986,1.200051,-91.73273
-68.84956,1.20005,-91.29347
-68.51,1.20005,-91.23604
-68.07834,1.200051,-91.45456
-67.88594,1.200051,-91.9207
-68.29344,3.19695,-92.83504
-68.97603,4.647937,-94.1328
-71.33907,4.890837,-98.55721
-72.4579,4.344404,-100.5815
-73.23643,2.780405,-101.9232
-73.91473,1.200245,-103.0764
-75.01628,1.200056,-103.6256
-75.35518,1.200058,-103.6007
-75.35963,1.200058,-103.6003
-75.66113,1.200058,-103.7602
-76.89587,1.20006,-104.2421
-78.13538,1.200063,-105.0917
-79.00136,1.200065,-106.3098
-79.91545,1.200067,-107.596
-80.37487,1.200071,-108.1763
-80.44176,1.200068,-108.5153
-80.17611,1.200071,-109.6522
-79.85064,1.200071,-110.9567
-79.84278,1.200072,-112.26
-80.8302,1.200074,-112.7267
-82.18205,1.200073,-112.5978
-83.24226,1.200075,-112.2461
-83.55621,1.200076,-112.1387
-83.61851,1.200075,-112.1174
-83.61882,1.200075,-112.1173
-83.6482,1.200074,-111.0684
-83.70284,1.200074,-109.0907
-83.79681,1.200074,-106.485
-84.81422,1.200075,-105.0151
-86.29294,1.200075,-104.3624
-87.64983,1.200076,-104.2369
-88.11728,1.200075,-104.2393
-88.00413,1.200074,-104.4158
-87.20792,1.200074,-105.0482
-86.10831,1.200072,-105.9533
-84.65442,1.200075,-107.278
-82.70773,1.200073,-108.1511
-80.29357,1.200071,-108.6778
-79.25611,1.20007,-109.006
-79.16358,1.20007,-109.0352
-79.16356,1.20007,-109.0352
-79.40379,1.200071,-109.6543
-79.68056,1.200073,-111.4439
-82.26568,1.200076,-110.5553
-83.34881,1.200076,-110.5182
-82.01817,1.200075,-109.5331
-81.28227,1.200074,-108.8634
-79.96522,1.200069,-106.372
-81.01933,1.200069,-105.7746
-85.77728,1.200076,-105.3885
-83.49115,1.200076,-108.3215
-82.67953,1.200075,-108.7536
-82.04018,1.200076,-109.8221
-80.23811,1.200073,-110.4755
-80.21411,1.200073,-110.41
-76.62115,1.200065,-108.1846
-76.25083,1.200064,-108.1078
-76.25083,1.200064,-108.1078
-76.00283,1.200063,-107.9719
-74.98076,1.200061,-106.1269
-75.99395,1.200062,-106.8461
-76.81207,1.200069,-112.3007
-76.95754,1.20007,-113.1943
-77.81004,1.20007,-112.6628
-80.80102,1.200074,-111.0982
-81.02333,1.200075,-111.0024
-83.43876,1.200076,-109.1731
-84.67347,1.200076,-107.2243
-84.67346,1.200076,-107.2243
-84.67348,1.200076,-107.2243
-80.95742,1.20007,-105.7518
-73.39496,4.951524,-99.53905
-68.47726,1.783372,-93.28255
-67.52013,4.832304,-85.97392
-66.5732,3.268795,-76.71542
-64.88887,1.200057,-70.92122
-61.6007,4.916709,-66.02255
-61.83412,3.854024,-55.47972
-63.21549,1.215898,-56.20575
-63.89174,1.200051,-61.10897
-63.97821,1.200051,-61.39339
-63.97821,1.200051,-61.39343
-63.97821,1.200051,-61.39346
-63.97821,1.200051,-61.39348
-63.97821,1.200051,-61.39353
-63.97821,1.200051,-61.39356
-63.97821,1.200051,-61.39361
-63.97821,1.20005,-61.39365
-63.97821,1.20005,-61.39368
-63.97821,1.200051,-61.3937
-63.97821,1.20005,-61.39372
-63.97821,1.20005,-61.39375
-63.97821,1.20005,-61.39376
-63.97821,1.200051,-61.39379
-63.97821,1.200051,-61.39383
-63.97821,1.200051,-61.39388
-63.97821,1.200051,-61.3939
-63.97821,1.200051,-61.39394
-63.97821,1.200051,-61.39396
-63.97821,1.200051,-61.39398
-63.97821,1.20005,-61.394
-63.97821,1.200051,-61.39403
-63.97821,1.20005,-61.39405
-63.97821,1.200051,-61.39408
-63.97821,1.20005,-61.3941
-63.97821,1.20005,-61.39412
-63.97821,1.200051,-61.39415
-63.97821,1.20005,-61.39417
-63.97821,1.200051,-61.3942
-63.97821,1.20005,-61.39421
-63.97821,1.20005,-61.39425
-63.97821,1.20005,-61.39426
-63.97821,1.20005,-61.39428
-63.97821,1.200051,-61.3943
-63.97821,1.20005,-61.39431
-63.97821,1.200051,-61.39434
-63.97821,1.200051,-61.39435
-63.97821,1.200051,-61.39438
-63.97821,1.200051,-61.3944
-63.92063,1.20005,-61.9239
-63.84937,1.200051,-64.01836
-63.04172,1.20005,-66.49888
-61.68231,1.200052,-68.70512
-59.82822,1.200051,-69.48151
-60.03012,1.200051,-68.94273
-60.93692,1.20005,-66.71844
-60.03756,1.200048,-63.90541
-59.39264,1.200047,-60.75262
-58.7983,1.200045,-57.2535
-57.36833,1.200043,-54.35555
-55.11441,1.200038,-52.41502
-53.63076,1.200033,-50.15725
-52.43502,1.200033,-47.73666
-50.19434,2.545916,-45.51471
-48.16553,4.710433,-43.65038
-45.01742,5.065867,-40.47406
-41.31078,4.690164,-36.23799
-39.41187,3.175137,-33.53899
-37.98732,2.384747,-31.4602
-36.03462,4.10673,-28.93712
-31.80132,2.925943,-23.95132
-29.16559,1.237936,-21.01096
-26.75159,2.697699,-18.73337
-21.70752,4.776592,-15.13859
-18.26065,4.174173,-12.7773
-15.77045,2.184353,-10.88247
-15.12148,1.211325,-10.36474
-15.10273,1.200022,-10.34988
-15.10275,1.200023,-10.35007
-15.10276,1.200023,-10.35033
-15.10278,1.200023,-10.35055
-15.10281,1.200022,-10.3508
-15.10282,1.200023,-10.35109
-15.10282,1.200023,-10.35138
-15.10285,1.200023,-10.35155
-15.10287,1.200023,-10.35168
-14.28851,1.20002,-9.6605
-12.83401,1.200019,-8.113838
-11.55907,3.185038,-5.937256
-10.89365,4.659871,-3.904198
-10.74602,4.857297,-3.185844
-10.13139,4.158735,-4.519264
-10.85164,2.462447,-6.245605
-12.28353,1.20015,-8.229294
-13.69127,1.200021,-10.70767
-16.40238,1.200024,-12.70845
-21.20937,1.200027,-15.43455
-24.57849,2.870493,-18.65041
-28.74209,5.638775,-22.82669
-31.51012,4.606005,-25.50543
-34.18093,1.331773,-28.30103
-36.00952,1.200107,-30.83727
-37.83827,2.604389,-33.82312
-40.66068,4.944841,-36.86548
-46.37532,4.947962,-42.46941
-49.18495,3.583025,-45.12594
-51.00763,1.374628,-46.82931
-53.09017,4.258884,-48.77048
-55.327,4.698193,-51.21896
-57.39939,4.055507,-56.46442
-58.65037,2.506655,-61.28805
-59.12118,1.259202,-64.53111
-59.62663,4.3679,-67.72419
-60.98843,4.922908,-74.86829
-61.92393,3.821908,-78.46661
-62.97532,1.43044,-81.38235
-64.14377,1.221632,-83.78837
-66.00121,1.221615,-87.2772
-68.37031,1.200064,-91.63204
-69.65559,1.200051,-93.93399
-70.21516,1.200051,-94.91212
-70.83308,1.200051,-95.94651
-71.72872,1.20005,-97.31239
-73.16875,2.640974,-99.25784
-74.41834,4.537914,-100.8828
-76.50655,4.927833,-103.5823
-79.39822,4.700456,-107.3293
-81.21673,3.462291,-109.6185
-81.85336,1.211108,-110.3477
-81.86653,1.200073,-110.3628
-81.97013,1.200074,-109.5969
-82.33293,1.200075,-108.3736
-82.39091,1.200074,-108.193
-82.39092,1.200074,-108.193
-82.39092,1.200074,-108.1929
-82.39091,1.200075,-108.1929
-82.39093,1.200074,-108.1929
-82.39092,1.200075,-108.1929
-82.39092,1.200074,-108.1929
-82.45786,1.200074,-108.1402
-83.70825,1.200074,-107.1512
-85.14529,1.200075,-105.9826
-85.51836,1.200076,-105.677
-85.53627,1.200076,-105.6623
-84.96696,1.200074,-104.8281
-82.96631,1.20007,-103.2388
-80.55476,1.200065,-101.9026
-79.67175,1.200063,-101.4563
-79.61832,1.200064,-101.4293
-79.61832,1.200063,-101.4292
-79.61832,1.200064,-101.4292
-79.94969,1.200063,-101.4459
-80.89476,1.200065,-101.5641
-80.92542,1.200066,-101.5681
-80.92543,1.200066,-101.5681
-80.9476,1.200065,-101.5068
-81.29947,1.200064,-99.64311
-81.29683,1.200063,-97.95573
-81.29546,1.200063,-97.85318
-81.24811,1.200061,-97.62859
-81.18716,1.200061,-96.32956
-81.35085,1.200062,-96.18301
-81.39783,1.200062,-96.56226
-81.4621,1.200063,-97.09875
-81.5218,1.200063,-97.60406
-81.15897,1.200062,-96.37611
-80.63084,1.200059,-96.16107
-80.35456,1.200061,-96.51363
-80.52988,1.200061,-97.09152
-80.74194,1.200062,-97.70611
-81.13316,1.200063,-98.83721
-81.6291,1.200064,-100.2709
-81.5472,1.200065,-100.0341
-80.73872,1.200062,-97.68475
-80.1264,1.200061,-95.89579
-80.13405,1.200059,-95.9184
-80.30237,1.20006,-96.40977
-80.48474,1.20006,-96.93999
-80.71851,1.200062,-97.62425
-81.0612,1.200063,-98.69657
-81.53182,1.200063,-100.2375
-81.64909,1.200066,-100.6331
-81.64926,1.200066,-100.6337
-80.91581,1.200064,-101.1661
-78.40071,1.200062,-102.4806
-77.6814,1.200062,-102.756
-77.67152,1.200062,-102.7598
-77.70852,1.20006,-101.9478
-78.07153,1.20006,-99.73109
-78.37847,1.20006,-99.29269
-80.75731,1.200064,-99.00626
-81.64365,1.200064,-99.07272
-83.49284,1.200069,-100.3031
-83.07648,1.200069,-101.9681
-82.16222,1.20007,-103.5253
-82.10355,1.200069,-103.6239
-81.19791,1.200067,-102.531
-78.627,1.200062,-101.4661
-75.57893,1.200056,-100.6476
-73.19167,1.200053,-98.5714
-74.25677,1.200053,-97.88362
-75.48921,1.200057,-100.2927
-76.06877,1.20006,-103.7692
-79.03008,1.200066,-105.5478
-81.90946,1.200071,-105.4343
-81.79521,1.20007,-105.0912
-79.22043,1.200064,-103.4319
-77.05748,1.20006,-101.4844
-76.77553,1.200057,-101.3092
-75.93133,1.200059,-103.0068
-75.82978,1.200059,-105.2728
-76.67892,1.200062,-107.5138
-78.07658,1.200068,-109.4218
-78.52743,1.200069,-109.9743
-78.57896,1.20007,-110.0374
-78.40469,1.200068,-109.8398
-76.80141,1.200063,-107.553
-74.58577,1.200057,-103.4623
-72.51917,3.57201,-99.60819
-70.22027,5.626037,-95.3751
-68.27284,4.864779,-91.94808
-66.70795,2.570595,-89.07057
-65.51149,2.280333,-86.00424
-63.88277,4.359086,-79.43257
-62.93744,4.075809,-75.01357
-62.34193,2.304021,-71.77245
-62.12853,1.212098,-71.26729
-61.20113,1.200053,-72.58178
-60.98541,1.20005,-73.90196
-61.52552,1.20005,-75.82616
-62.28283,1.200049,-78.53963
-62.86569,2.303329,-81.29189
-63.37186,4.690673,-83.98033
-64.20347,4.947433,-86.60201
-65.79579,3.869513,-89.13805
-66.83506,1.294471,-92.23339
-68.65554,1.200795,-94.10939
-70.48921,1.200051,-95.68875
-72.49457,1.200052,-97.47639
-74.3759,1.200054,-99.21826
-76.45314,1.200059,-101.1039
-78.29208,1.200062,-102.7102
-80.15957,1.200065,-104.3041
-81.55233,1.200071,-106.2787
-81.96137,1.200073,-108.5349
-83.1981,1.200075,-110.4388
-85.16261,1.200075,-112.0309
-86.53345,1.200075,-113.8849
-87.03059,1.200075,-114.813
-87.08389,1.200075,-114.9125
-86.5262,1.200075,-114.2832
-84.73366,1.200074,-112.871
-82.60452,1.200075,-111.0059
-81.34174,1.200073,-108.8086
-81.10349,1.200073,-108.3736
-81.10276,1.200072,-108.3723
-81.10275,1.200072,-108.3723
-81.10275,1.200073,-108.3723
-81.10274,1.200072,-108.3723
-81.10274,1.200072,-108.3723
-81.10273,1.200072,-108.3723
-81.10272,1.200073,-108.3722
-81.10271,1.200072,-108.3722
-81.10271,1.200073,-108.3723
-81.10269,1.200072,-108.3722
-81.10268,1.200073,-108.3722
-81.10269,1.200072,-108.3722
-81.10268,1.200072,-108.3722
-81.10268,1.200072,-108.3722
-81.10268,1.200073,-108.3722
-81.10269,1.200073,-108.3722
-81.10268,1.200073,-108.3722
-81.10268,1.200072,-108.3722
-81.37093,1.200074,-109.3545
-81.44772,1.200074,-109.6435
-81.27516,1.200073,-109.0372
-81.205,1.200073,-108.7959
-81.72111,1.200074,-109.7363
-82.92258,1.200074,-112.1489
-83.95002,1.200075,-114.3293
-83.99191,1.200075,-114.3891
-83.68202,1.200075,-113.5106
-83.66968,1.200076,-113.4756
-83.66969,1.200075,-113.4756
-83.66968,1.200076,-113.4756
-83.66969,1.200076,-113.4755
-83.66969,1.200076,-113.4755
-83.84371,1.200076,-112.0443
-82.61148,1.200075,-109.5688
-80.08049,1.200069,-107.5975
-77.10461,1.200063,-105.8581
-75.33461,1.200058,-103.0367
-73.6648,1.200054,-100.0013
-71.41872,1.200051,-98.04054
-69.67424,1.200052,-95.33517
-67.67171,1.200051,-91.39149
-66.08046,1.200051,-87.6533
-64.16241,5.360038,-82.93195
-63.27935,5.700401,-79.35649
-64.12666,4.688961,-76.84833
-65.12971,2.604462,-75.57109
-65.2679,1.200197,-75.39973
-65.2679,1.200074,-75.39973
-64.93297,1.200051,-75.24304
-63.55106,1.200052,-74.12787
-61.96716,1.200051,-71.91951
-61.23789,1.200052,-70.56004
-61.15652,1.200052,-70.40652
-59.97277,1.200051,-70.2956
-58.34642,1.200051,-70.75723
-57.7487,1.20005,-72.88826
-57.552,1.200049,-73.89223
-57.83833,1.20005,-72.78497
-57.11679,1.200051,-70.54539
-55.84887,1.200049,-68.14253
-56.26239,1.200048,-68.87714
-56.35106,1.200049,-71.40771
-55.83266,1.201333,-73.94453
-56.19281,1.378756,-76.89701
-58.49822,1.289699,-78.69058
-59.83269,1.20005,-80.34283
-60.03823,1.200051,-80.64037
-60.03972,1.20005,-80.64252
-60.11629,1.200048,-80.75972
-61.00322,4.080535,-82.0949
-63.38704,5.004651,-85.6857
-65.43534,4.720396,-88.77323
-66.83791,3.386847,-90.86485
-67.75585,1.217421,-92.11928
-68.8654,3.627913,-93.49253
-71.64616,4.802382,-96.87754
-74.19925,4.626332,-99.97479
-75.8956,3.533949,-101.7627
-77.78619,1.515196,-102.9342
-79.56899,1.224203,-103.5609
-81.67941,1.200069,-104.2054
-83.90445,1.200074,-105.2931
-86.00804,1.200075,-106.4269
-86.47094,1.200076,-107.0591
-83.86028,1.200076,-107.0315
-81.17759,1.200069,-105.8347
-79.12236,4.323938,-103.4484
-74.78347,4.971573,-99.34684
-71.80865,4.018445,-96.81781
-69.7673,1.525928,-95.00541
-68.18721,1.921638,-93.20744
-66.31004,4.65738,-89.52657
-64.10934,4.861117,-83.80249
-63.18362,3.556016,-80.23703
-63.2403,1.221053,-77.20438
-64.08954,1.200168,-74.57816
-65.06352,1.200053,-72.1952
-66.09966,1.200053,-69.81342
-67.22986,1.200054,-67.54375
-67.5955,1.200054,-66.90044
-67.62643,1.200053,-66.84602
-67.59256,1.200052,-66.68691
-66.51521,1.200052,-65.40102
-64.93681,1.200051,-63.66904
-63.81416,1.200051,-62.95961
-63.69059,1.200051,-62.88512
-63.58706,1.20005,-62.88899
-63.22172,1.200051,-62.89084
-63.21827,1.200051,-62.89087
-62.62497,1.200049,-63.38184
-61.51305,1.20005,-65.44751
-61.12912,1.200051,-68.08006
-61.45101,1.200052,-71.0518
-61.59228,1.200051,-73.81134
-61.67235,1.200049,-76.59992
-61.64091,1.20005,-79.30033
-61.49882,1.200049,-81.86082
-62.69797,1.20005,-84.285
-64.21059,1.200051,-86.66683
-65.47701,1.319668,-89.02046
-67.3857,4.100874,-91.48521
-70.88396,4.735498,-95.68758
-73.10513,4.242824,-98.12998
-75.03241,2.778286,-99.8437
-76.5096,1.201316,-101.007
-78.2962,1.207699,-102.3428
-80.23146,1.200066,-103.7773
-82.21066,1.200069,-105.2387
-84.26543,1.200074,-106.7245
-85.58311,1.200076,-108.4344
-84.99725,1.200075,-110.3769
-84.44827,1.200075,-112.5223
-84.65692,1.200075,-114.7376
-85.46666,1.200074,-116.5348
-83.9482,1.200075,-116.0348
-82.52914,1.200074,-114.9684
-82.76439,1.200076,-112.6339
-81.95341,1.200074,-109.9648
-80.32918,1.200069,-106.9662
-78.11871,3.78696,-104.481
-75.07576,5.009345,-101.4141
-70.58089,4.787012,-97.29141
-68.29528,3.035226,-94.41265
-66.96828,2.190515,-91.90256
-66.38244,4.597627,-89.15233
-65.7798,4.987064,-86.0217
-64.76804,4.501623,-79.50491
-64.35116,2.445731,-74.72499
-63.60985,1.249038,-72.36114
-62.91178,1.200052,-70.04274
-62.07612,1.200051,-67.94495
-61.21814,1.20005,-65.77618
-59.41041,2.235609,-64.58356
-57.06116,4.512958,-64.04141
-52.78564,4.945466,-61.48622
-51.15826,4.6325,-59.02603
-52.0943,3.810101,-58.23656
-52.85555,2.946598,-57.95594
-54.00282,1.954131,-57.64998
-55.04259,1.20172,-57.37824
-55.69168,1.200042,-57.20732
-56.21276,1.200045,-57.30453
-56.35458,1.200045,-57.59008
-56.40327,1.200044,-57.88321
-56.60667,1.200045,-58.34648
-56.82101,1.200045,-58.52548
-56.8551,1.200045,-58.55409
-56.86039,1.200044,-58.5587
-56.86084,1.200045,-58.55936
-56.8607,1.200044,-58.55966
-56.86068,1.200046,-58.55998
-56.86068,1.200046,-58.56037
-56.86068,1.200046,-58.56073
-56.86069,1.200046,-58.561
-56.86068,1.200046,-58.56104
-82.19197,0.04607996,-111.7959
-82.19197,0.2446297,-111.7959
-82.19197,0.2989902,-111.7959
-82.19197,0.3101888,-111.7959
-82.19197,0.3277228,-111.7959
-82.19197,0.2262738,-111.7959
-82.19197,0.3089059,-111.7959
-82.19197,0.3540069,-111.7959
-82.19197,-0.008928791,-111.7959
-82.19197,1.198759,-111.7959
-82.19197,1.200074,-111.7959
-81.83936,1.200074,-111.2088
-80.9817,1.200073,-109.7007
-79.67764,1.200069,-107.8734
-77.73646,3.206463,-105.8809
-75.43677,4.910964,-103.933
-70.78948,4.863125,-99.23078
-68.65056,3.39157,-96.25851
-67.43633,1.201443,-94.05549
-66.46649,4.14356,-91.53249
-64.16099,4.850378,-85.05033
-62.75896,3.84606,-80.8858
-61.6484,1.228346,-77.39137
-60.84095,1.210631,-74.40812
-59.99024,1.200051,-70.47086
-59.09849,5.150864,-66.04294
-58.33534,5.768952,-62.20916
-57.75451,4.943057,-59.22904
-57.16567,2.882674,-56.35596
-56.448,1.213999,-53.76658
-54.9847,3.761366,-51.56656
-53.23468,4.924636,-49.89375
-51.52567,4.893468,-48.04873
-50.06618,3.788608,-45.93814
-47.6856,1.639476,-44.91164
-45.38396,1.219682,-44.84105
-42.82705,1.200025,-44.35869
-41.50966,1.200023,-42.49167
-42.10798,1.200023,-40.16624
-42.31014,1.200022,-39.64447
-42.47757,1.200022,-40.16154
-43.4665,1.200025,-41.77351
-43.90474,1.200024,-42.35452
-44.09595,1.200027,-43.88259
-45.9047,1.200029,-45.57668
-48.38057,1.200031,-46.38173
-50.82848,1.200033,-45.29948
-52.98088,1.200033,-46.3392
-54.71579,1.200034,-48.52437
-55.73597,4.220512,-50.93706
-57.11803,4.999308,-55.72791
-58.14875,4.527799,-59.59138
-58.95469,2.601302,-62.78465
-59.49473,1.663484,-64.94978
-60.55753,4.214024,-69.22089
-61.73557,4.58277,-73.95555
-62.43994,3.903251,-76.80885
-61.86162,2.01146,-79.49143
-61.97233,1.225342,-81.90101
-62.89144,3.66079,-84.23869
-65.69508,4.78992,-89.5979
-67.62211,4.678044,-92.97287
-69.30233,3.34396,-95.7408
-70.69438,1.245315,-98.00521
-72.04427,1.203031,-100.2004
-73.32556,1.200053,-102.2787
-75.10557,1.200057,-103.6091
-77.03606,1.200062,-104.8112
-78.69499,1.200067,-106.7959
-80.46124,1.20007,-108.1264
-82.40785,1.200072,-108.1774
-84.00778,1.200076,-106.8765
-85.48071,1.200074,-105.3261
-87.43224,1.200076,-104.5809
-88.12184,1.200076,-104.4023
-87.45322,1.200075,-104.977
-85.7244,1.200075,-105.4168
-83.28913,1.200071,-105.6567
-80.66737,1.200069,-105.8966
-77.78681,1.200063,-105.549
-75.09853,1.200058,-104.1376
-73.10613,3.736305,-101.6058
-70.95068,4.868854,-97.66429
-68.469,4.664617,-92.28801
-67.18397,2.946464,-88.90155
-66.44535,1.200073,-86.8427
-65.9986,1.200052,-85.46598
-65.73917,1.200051,-81.7308
-65.30273,1.20005,-78.02077
-63.51577,1.200051,-75.13551
-63.23379,1.200052,-72.52764
-63.5227,1.200052,-69.89475
-63.88865,1.200052,-67.25438
-63.28131,1.200051,-64.97577
-61.86264,1.20005,-62.6209
-60.86076,1.200048,-60.30483
-60.1833,1.200047,-57.97895
-61.78843,1.200046,-53.72281
-63.07639,1.200046,-51.7316
-63.68132,1.198494,-49.72063
-62.89165,1.197832,-48.34764
-62.66111,1.196092,-48.24161
-62.64585,1.198686,-48.24349
-61.96639,1.200043,-47.45444
-60.34192,1.200039,-46.46094
-58.5231,1.200037,-44.99634
-56.56223,1.200036,-43.28638
-54.86164,1.200035,-41.83951
-53.71071,2.203005,-40.06966
-52.03754,4.386154,-39.02226
-50.11103,4.997066,-39.04102
-47.97948,4.822816,-38.36
-45.50352,3.648088,-37.25734
-44.2246,1.770317,-35.59479
-44.00251,1.221001,-35.17346
-44.00251,1.200022,-35.17346
-43.81786,1.200021,-35.89777
-43.69725,1.200022,-38.07048
-45.63738,1.200025,-39.6406
-47.99072,1.200028,-41.19704
-50.42178,1.20003,-42.69019
-51.83656,1.200031,-41.78236
-50.17029,1.200029,-40.21504
-47.94608,1.200027,-38.68617
-45.53594,1.200024,-37.02785
-43.13499,1.200021,-35.23436
-40.87586,1.200018,-33.65572
-39.57978,1.200017,-35.1621
-41.53982,1.200019,-37.01886
-45.10308,1.200024,-39.28831
-48.35822,1.200029,-41.24969
-51.08115,1.200031,-42.9006
-53.64862,1.200034,-44.55231
-55.88904,1.200036,-46.19858
-57.43913,1.200036,-48.13283
-57.79993,1.200039,-50.16968
-58.74989,1.200042,-51.90282
-59.42421,1.200045,-53.95299
-60.48157,1.200046,-56.78034
-62.30133,1.200048,-59.2875
-62.90399,1.200048,-60.24018
-61.82573,1.200048,-58.97878
-60.64285,1.200047,-56.63379
-59.16697,1.200045,-54.2226
-57.65331,3.026812,-51.88327
-56.29959,4.738966,-49.88881
-53.72688,5.076931,-46.53999
-50.43935,4.847517,-42.56419
-48.04448,3.654191,-40.43509
-46.18486,1.23465,-39.21917
-44.28825,1.214884,-38.38182
-41.72441,1.200021,-37.35854
-39.71055,3.2763,-35.6862
-38.82408,5.029998,-33.17536
-39.39203,5.082749,-29.57362
-39.74605,4.305814,-23.70691
-38.26646,2.90749,-22.05014
-37.3356,1.847223,-21.55086
-36.29682,1.200018,-21.72502
-35.64752,1.200014,-21.95116
-34.9323,1.200014,-22.12903
-34.63212,1.200014,-22.62672
-35.07966,1.200014,-23.66092
-35.90046,4.311469,-25.30966
-35.85072,4.915579,-29.22906
-35.61794,4.572446,-32.9618
-36.75121,3.035033,-34.3596
-37.58419,1.200065,-35.15692
-38.53274,1.200017,-35.17905
-41.13551,1.200019,-35.02527
-44.03272,1.200021,-35.03293
-44.85065,1.200022,-35.08149
-44.87729,1.200022,-35.0831
-44.80316,1.200021,-35.17791
-44.23909,1.200023,-35.89893
-44.20149,1.200022,-35.94702
-44.20149,1.200022,-35.94705
-44.20149,1.200022,-35.94707
-44.20149,1.200022,-35.94709
-44.20149,1.200022,-35.94711
-44.20149,1.200022,-35.94714
-44.20149,1.200022,-35.94716
-44.20149,1.200022,-35.94719
-44.20149,1.200022,-35.94721
-44.20149,1.200023,-35.94724
-44.20149,1.200022,-35.94727
-45.38035,1.200022,-36.89722
-47.70985,1.200025,-38.78526
-50.98764,1.200031,-41.44901
-54.24054,1.200034,-44.10719
-56.35196,1.200036,-46.46408
-57.26614,1.200037,-49.06452
-58.08828,3.630496,-51.82023
-58.87864,4.924933,-55.18228
-60.07622,4.813973,-60.52436
-60.78655,3.501648,-63.74808
-61.28387,1.233473,-66.01163
-61.84776,1.221424,-68.64301
-62.57753,1.200052,-72.2258
-63.23494,1.200051,-75.51958
-64.02,5.249711,-79.48082
-64.82735,5.730815,-83.48219
-65.58599,4.882084,-86.33787
-66.51712,3.012232,-88.88939
-67.68094,1.20017,-91.40948
-69.57057,1.216228,-94.16611
-71.73893,1.200051,-96.93625
-74.04204,4.954538,-99.81128
-76.3553,5.78459,-102.6881
-78.07573,5.322716,-104.8091
-79.8045,3.790228,-106.9335
-81.58076,1.249231,-109.1148
-82.60069,1.213566,-110.3671
-82.87494,1.200075,-110.7038
-82.88844,1.200075,-110.7204
-82.50031,1.200075,-110.792
-80.97982,1.200074,-110.8264
-78.87299,1.200071,-110.6511
-76.81497,1.200067,-112.0502
-75.64882,1.200066,-112.7721
-74.91501,1.200064,-111.6687
-74.55164,1.200062,-109.6624
-73.86616,1.200058,-107.3071
-72.46233,1.200054,-104.9603
-71.1083,1.200052,-102.5519
-69.0166,1.200049,-100.5136
-68.72625,1.20005,-98.07832
-66.8679,1.20005,-94.95346
-63.88788,2.62372,-91.42507
-60.74324,5.581802,-87.55177
-59.73612,5.093643,-83.91796
-59.84478,2.93584,-80.64009
-60.77362,1.900622,-77.85457
-60.9021,4.565641,-74.5677
-60.99479,4.968026,-68.37949
-61.29296,4.236828,-64.87083
-62.1703,2.507957,-62.28187
-62.51543,1.200082,-61.49718
-62.51544,1.200055,-61.4972
-62.51543,1.200048,-61.49722
-62.01036,1.200049,-62.28666
-61.70857,1.20005,-62.75859
-61.85069,1.200048,-62.53442
-62.67839,1.20005,-61.23083
-62.99403,1.20005,-60.73376
-63.01351,1.20005,-60.7031
-63.01351,1.200049,-60.70312
-63.01352,1.200049,-60.70313
-63.01351,1.200049,-60.70315
-63.01352,1.20005,-60.70317
-63.01352,1.20005,-60.7032
-63.01351,1.20005,-60.70322
-63.01351,1.20005,-60.70324
-63.76777,1.20005,-60.47317
-64.26615,1.20005,-60.31846
-64.27283,1.20005,-60.31641
-64.27283,1.200049,-60.31643
-64.27283,1.20005,-60.31644
-63.97311,1.200048,-60.81139
-63.59756,1.200051,-61.42117
-63.5857,1.200051,-61.44044
-63.58571,1.200051,-61.44046
-63.5857,1.20005,-61.44048
-63.58571,1.200051,-61.4405
-63.5857,1.200051,-61.44053
-63.5857,1.200051,-61.44054
-63.5857,1.200051,-61.44056
-63.5857,1.200052,-61.44057
-63.5857,1.200051,-61.4406
-63.5857,1.200051,-61.44061
-63.5857,1.200051,-61.44063
-63.5857,1.20005,-61.44065
-63.5857,1.200051,-61.44067
-63.5857,1.20005,-61.44069
-63.5857,1.200051,-61.44072
-63.58571,1.200051,-61.44075
-63.58571,1.200051,-61.44078
-63.5857,1.200051,-61.4408
-64.30408,1.200049,-60.99207
-64.69913,1.20005,-60.76244
-64.70914,1.20005,-60.75663
-64.70914,1.200051,-60.75665
-64.70914,1.200051,-60.75668
-64.70914,1.200051,-60.7567
-64.70914,1.200051,-60.75672
-64.70914,1.20005,-60.75674
-64.70914,1.20005,-60.75676
-64.70914,1.20005,-60.75677
-64.70914,1.20005,-60.75678
-64.70914,1.20005,-60.7568
-64.70915,1.20005,-60.75681
-64.70915,1.20005,-60.75682
-64.70915,1.20005,-60.75684
-64.70915,1.200051,-60.75685
-64.70915,1.200051,-60.75687
-64.70915,1.200051,-60.75688
-64.70915,1.200051,-60.7569
-64.70919,1.200051,-60.7569
-64.70919,1.200051,-60.75693
-64.70919,1.200051,-60.75695
-64.70921,1.200051,-60.75696
-64.70921,1.200051,-60.75697
-64.70921,1.20005,-60.75699
-64.70921,1.200051,-60.757
-64.70921,1.20005,-60.75701
-64.70921,1.20005,-60.75702
-64.70921,1.20005,-60.75703
-64.70921,1.200051,-60.75706
-64.70921,1.200051,-60.75708
-64.70921,1.200051,-60.7571
-64.70921,1.200051,-60.75711
-64.70921,1.200051,-60.75712
-64.70924,1.20005,-60.75714
-64.70924,1.20005,-60.75715
-64.70924,1.20005,-60.75716
-64.70924,1.200051,-60.75718
-64.70924,1.20005,-60.7572
-64.70924,1.20005,-60.75722
-64.70927,1.20005,-60.75723
-64.70927,1.20005,-60.75724
-64.70927,1.20005,-60.75725
-64.70927,1.200052,-60.75729
-64.70927,1.20005,-60.75731
-64.70927,1.200051,-60.75732
-64.70927,1.20005,-60.75735
-64.70927,1.20005,-60.75737
-64.70927,1.20005,-60.75738
-64.70928,1.20005,-60.75739
-64.70928,1.20005,-60.75742
-64.70928,1.200051,-60.75744
-64.70928,1.20005,-60.75747
-64.70928,1.200051,-60.75748
-64.70928,1.200051,-60.75749
-64.70928,1.200051,-60.75752
-64.70928,1.20005,-60.75755
-64.70928,1.20005,-60.75757
-64.70928,1.20005,-60.75759
-64.70928,1.200051,-60.75761
-64.70928,1.20005,-60.75764
-64.70928,1.20005,-60.75768
-64.70928,1.200051,-60.75771
-64.70928,1.200051,-60.75774
-64.7093,1.200051,-60.75774
-64.7093,1.20005,-60.75776
-64.7093,1.200051,-60.75779
-64.7093,1.20005,-60.75782
-64.7093,1.200051,-60.75784
-64.7093,1.200051,-60.75785
-64.7093,1.200051,-60.75787
-64.7093,1.20005,-60.7579
-64.7093,1.20005,-60.75792
-64.7093,1.200051,-60.75795
-64.7093,1.20005,-60.75797
-64.7093,1.20005,-60.758
-64.7093,1.200051,-60.75801
-64.7093,1.20005,-60.75803
-64.7093,1.200051,-60.75805
-64.7093,1.200051,-60.75807
-64.7093,1.200051,-60.7581
-64.70931,1.20005,-60.75811
-64.70932,1.200049,-60.75812
-64.70932,1.200051,-60.75815
-64.70932,1.200051,-60.75819
-64.70932,1.200051,-60.75821
-64.70934,1.20005,-60.75821
-64.70936,1.20005,-60.75823
-64.70936,1.200051,-60.75826
-64.70936,1.20005,-60.75828
-64.70936,1.200051,-60.75829
-64.70936,1.20005,-60.75831
-64.70936,1.200051,-60.75834
-64.70936,1.20005,-60.75836
-64.70936,1.200051,-60.7584
-64.70936,1.200051,-60.75842
-64.70936,1.20005,-60.75846
-64.70937,1.20005,-60.75848
-64.70937,1.200051,-60.7585
-64.70937,1.200051,-60.75852
-64.70937,1.20005,-60.75855
-64.70937,1.20005,-60.75857
-64.70937,1.200051,-60.75859
-64.70937,1.20005,-60.75861
-64.70937,1.20005,-60.75863
-64.70937,1.200051,-60.75864
-64.70937,1.20005,-60.75866
-64.70937,1.200051,-60.75868
-64.70937,1.200051,-60.75871
-64.70937,1.20005,-60.75873
-64.70937,1.20005,-60.75876
-64.70937,1.20005,-60.75879
-64.70937,1.200051,-60.7588
-64.70937,1.200051,-60.75882
-64.70937,1.20005,-60.75884
-64.70937,1.20005,-60.75886
-64.70937,1.20005,-60.75887
-64.70937,1.20005,-60.7589
-64.70941,1.20005,-60.75892
-64.70941,1.200051,-60.75894
-64.70941,1.20005,-60.75896
-64.70941,1.200051,-60.75898
-64.6729,1.200049,-60.81326
-63.67091,1.200051,-62.00834
-63.14757,1.20005,-63.9892
-63.76067,1.20005,-66.37265
-63.66704,1.200053,-70.22987
-63.46962,3.329073,-75.92031
-63.78436,3.832671,-78.94207
-64.19461,3.109829,-81.46648
-64.39989,1.297179,-83.99723
-66.04785,3.766381,-86.59837
-69.38885,4.482956,-91.03017
-70.37126,4.024531,-94.0939
-71.72992,2.635472,-96.15547
-73.54861,1.200349,-97.94091
-75.60453,2.541167,-99.82406
-79.6896,3.749162,-103.5531
-81.95989,3.94124,-105.5593
-84.38369,3.347683,-106.8495
-86.28225,2.006537,-106.3531
-86.79274,1.200094,-105.0902
-85.89861,1.200079,-105.33
-84.44691,1.200075,-106.6515
-82.70471,1.200076,-109.0872
-81.00123,1.200074,-110.4398
-80.83656,1.200073,-110.5497
-80.83654,1.200073,-110.5497
-80.83655,1.200073,-110.5497
-80.83654,1.200074,-110.5497
-80.53194,1.200073,-109.9126
-79.19699,1.200068,-107.5609
-76.28381,1.20006,-103.8126
-73.0923,5.395281,-100.3004
-70.20728,5.661999,-97.14484
-67.88619,4.219984,-94.43558
-66.51857,1.268858,-91.38506
-65.86092,3.54072,-88.49161
-65.27915,4.583099,-85.33467
-64.67595,3.941674,-81.94965
-64.15283,1.638706,-78.55476
-64.55577,1.205428,-75.56633
-64.52601,1.200051,-73.07477
-65.34846,1.200052,-70.67677
-66.53951,1.200053,-68.3356
-66.69026,1.200053,-65.85046
-65.48396,1.200052,-63.58519
-64.6441,1.20005,-61.42847
-63.68196,1.20005,-59.59348
-63.43691,1.200049,-59.21762
-63.42494,1.200049,-59.19928
-63.20634,1.200048,-60.14014
-62.91839,1.20005,-62.63361
-63.48652,1.200051,-65.16149
-65.32034,1.200053,-67.1777
-67.19888,1.200053,-68.86119
-66.37306,1.200052,-70.76558
-64.13414,1.200052,-72.32275
-63.34818,1.200052,-74.43781
-63.53319,1.651426,-77.04832
-64.14996,4.008629,-81.16678
-65.07636,4.268133,-86.07219
-66.06753,3.111564,-89.28418
-67.1116,1.21261,-91.37324
-68.25932,3.842204,-92.59351
-72.34547,4.807195,-96.17314
-75.12005,4.5623,-98.45036
-77.38055,3.337015,-100.1546
-79.62683,1.218488,-101.8158
-81.64279,1.201359,-103.3531
-83.68583,1.200073,-104.7773
-85.62341,1.200076,-105.8801
-85.99759,1.200074,-107.4283
-86.16084,1.200076,-108.7018
-85.87489,1.200074,-109.2039
-85.1893,1.200074,-109.7968
-83.91819,1.200076,-109.0489
-83.62815,1.200076,-108.8779
-83.62672,1.200075,-108.8771
-83.62672,1.200076,-108.877
-83.59379,1.200075,-108.8967
-81.83485,1.200073,-109.2399
-79.14096,1.200068,-107.5952
-76.2355,1.200062,-106.3954
-74.01611,1.200057,-104.2704
-73.62102,1.200056,-103.6734
-73.61106,1.200055,-103.6584
-73.65574,1.200055,-103.5052
-74.7413,1.200056,-101.6168
-75.46198,1.200057,-100.4135
-73.96906,1.200054,-98.74881
-71.85951,1.200053,-96.59464
-69.71374,1.200051,-94.29353
-67.57486,1.20005,-91.93707
-65.92458,1.200051,-90.10249
-65.76292,1.200052,-89.92253
-65.76292,1.200051,-89.92252
-65.77685,1.200051,-89.93826
-66.93803,1.200051,-91.25077
-69.06936,1.200052,-93.65982
-70.01831,1.200051,-96.54216
-70.54529,1.200052,-97.7236
-70.57365,1.200051,-97.78664
-70.42612,1.200051,-97.91666
-70.4164,1.200052,-99.91235
-72.06631,1.200052,-102.0827
-73.8553,1.200056,-104.4258
-75.4513,1.20006,-106.3824
-77.90862,1.200065,-106.7859
-80.75576,1.20007,-106.7913
-81.32626,1.200071,-107.7505
-80.84312,1.200073,-110.3489
-80.36349,1.200076,-112.2901
-80.30792,1.200075,-112.5113
-78.97154,1.200071,-111.4232
-76.7888,1.200066,-109.3954
-75.78938,1.200062,-106.5523
-74.37429,1.200057,-103.3618
-72.9222,1.200053,-100.4511
-71.31451,1.200052,-97.43703
-69.61037,1.200052,-94.63704
-67.73989,1.200052,-91.91161
-65.98548,1.200052,-89.42442
-64.83221,1.200051,-86.43515
-63.07916,1.200051,-83.74561
-61.2573,1.200049,-81.07532
-61.76899,1.200051,-77.9811
-63.18102,1.200051,-75.67262
-63.50149,1.200052,-73.76488
-63.51939,1.200051,-72.12569
-64.27193,1.200052,-69.96938
-65.42305,1.200053,-67.64345
-65.91705,1.200053,-65.06557
-66.37543,1.200052,-62.23678
-66.50744,1.20005,-61.18964
-65.67904,1.200049,-62.5134
-64.08192,1.200049,-64.26211
-62.14009,1.20005,-65.68913
-61.51289,1.200051,-68.29048
-61.7794,1.200052,-70.83586
-61.9535,1.20005,-73.41766
-61.90324,1.20005,-75.98929
-61.74122,1.20005,-78.74203
-62.62478,1.20005,-80.95889
-62.98142,1.200049,-83.36456
-63.82575,1.20005,-85.6266
-65.67189,3.302371,-87.43549
-67.73183,4.772889,-92.67233
-69.58504,4.668603,-95.95571
-71.26746,3.59822,-98.01077
-73.51459,1.497213,-99.1162
-75.17775,1.2151,-100.8205
-76.91266,1.20006,-102.5902
-79.04121,1.200064,-104.2943
-80.17743,1.200067,-105.1221
-80.35144,1.200068,-105.2486
-80.35349,1.200068,-105.2501
-80.35349,1.200068,-105.2501
-80.35352,1.200068,-105.2501
-80.56461,1.200067,-105.3073
-81.97764,1.20007,-105.6682
-84.15562,1.200075,-105.8555
-84.90698,1.200075,-105.828
-85.0089,1.200075,-105.8183
-84.84677,1.200073,-105.9108
-83.68314,1.200074,-106.5904
-83.10366,1.200074,-106.9315
-82.25758,1.200072,-106.5335
-81.32064,1.200071,-106.0545
-81.28254,1.20007,-105.9904
-82.09705,1.200069,-104.9058
-83.57905,1.20007,-103.1384
-85.40363,1.200073,-101.045
-86.18562,1.200071,-100.1821
-85.47459,1.200073,-101.5783
-83.82961,1.200072,-103.7694
-81.58338,1.20007,-106.0614
-80.32848,1.200071,-107.6694
-80.23572,1.20007,-107.7626
-78.83035,1.200067,-106.7692
-76.7009,1.200062,-104.9083
-73.74919,1.200056,-103.4163
-71.31624,1.200051,-101.407
-70.41699,1.200051,-98.5876
-69.70665,1.200052,-95.49445
-68.70702,1.200052,-92.30122
-67.91501,1.200052,-90.5135
-66.91257,1.200052,-90.15376
-66.01975,1.20005,-91.28603
-65.68397,1.200051,-93.28258
-66.3423,1.200051,-95.7486
-67.44809,1.20005,-98.17706
-68.64015,1.200049,-99.10059
-70.10511,1.20005,-100.5726
-71.33133,1.200051,-102.6846
-72.64129,1.200055,-104.839
-74.01233,1.200058,-106.8656
-75.60246,1.200063,-109.0882
-77.00346,1.200067,-111.0198
-78.3597,1.200071,-112.8862
-79.76736,1.200075,-114.8137
-81.2193,1.200074,-116.6678
-82.85242,1.200075,-118.2256
-85.1144,1.200074,-118.4696
-86.04378,1.200076,-118.4106
-86.16318,1.200075,-118.403
-85.86357,1.200074,-117.668
-85.84251,1.200075,-115.9517
-85.35886,1.200075,-113.5303
-85.04378,1.200075,-111.3348
-85.3426,1.200075,-109.6841
-85.39491,1.200075,-109.4169
-85.39632,1.200075,-109.4096
-85.39633,1.200075,-109.4096
-85.39632,1.200073,-109.4096
-85.39632,1.200075,-109.4096
-85.39632,1.200075,-109.4096
-85.39632,1.200076,-109.4096
-85.39633,1.200076,-109.4096
-85.39632,1.200075,-109.4096
-85.39632,1.200076,-109.4096
-85.39631,1.200075,-109.4096
-85.35144,1.200075,-109.307
-84.7141,1.200075,-108.1953
-84.51503,1.200076,-107.8847
-84.91557,1.200075,-108.1831
-86.49416,1.200073,-109.3034
-87.56416,1.200076,-109.9528
-87.63342,1.200076,-109.9947
-87.63343,1.200076,-109.9947
-87.05856,1.200075,-109.7628
-84.57551,1.200075,-108.9849
-83.37116,1.200075,-106.6958
-83.70593,1.200072,-103.856
-84.786,1.200073,-101.5427
-85.10379,1.200073,-100.9773
-84.82011,1.200071,-101.3175
-83.8678,1.200072,-102.4452
-83.68562,1.200071,-102.6591
-83.68215,1.200071,-102.6632
-83.67954,1.20007,-102.9132
-83.3802,1.200071,-104.3531
-82.6515,1.200071,-106.4269
-82.72028,1.200074,-108.499
-84.19171,1.200076,-110.5114
-85.75618,1.200076,-111.4958
-86.08037,1.200075,-111.642
-86.09564,1.200076,-111.6489
-85.96433,1.200074,-111.1993
-85.74615,1.200076,-110.451
-85.72667,1.200075,-110.3841
-85.72668,1.200076,-110.3841
-85.72668,1.200075,-110.3841
-85.72022,1.200074,-110.4983
-85.50082,1.200074,-111.8905
-85.09467,1.200075,-113.7046
-85.01209,1.200076,-114.0674
-85.00792,1.200076,-114.0857
-84.88125,1.200074,-113.7535
-84.28021,1.200075,-112.1877
-83.48161,1.200075,-110.1152
-83.06419,1.200076,-109.0329
-82.99841,1.200075,-108.8623
-82.9981,1.200076,-108.8615
-84.07988,1.200075,-108.4335
-85.55766,1.200075,-107.774
-85.75624,1.200076,-107.6839
-85.75626,1.200077,-107.6839
-85.46992,1.200074,-107.1129
-84.85668,1.200075,-105.2924
-85.18845,1.200073,-102.7184
-86.22971,1.200074,-100.6865
-86.42668,1.200073,-100.3218
-86.43266,1.200074,-100.3108
-86.43266,1.200074,-100.3108
-86.43266,1.200073,-100.3107
-86.35885,1.200073,-100.6474
-85.98941,1.200072,-102.329
-85.59042,1.200076,-104.1442
-85.51279,1.200075,-104.498
-85.51065,1.200076,-104.5078
-85.51064,1.200075,-104.5078
-85.51065,1.200076,-104.5078
-84.33696,1.200073,-104.1428
-81.93769,1.200068,-103.431
-79.43665,1.200064,-102.6899
-78.83695,1.200062,-100.9262
-76.41227,1.200057,-99.32714
-74.27715,1.200054,-97.44672
-71.33141,1.200052,-96.425
-69.06165,1.200051,-94.43976
-66.85867,1.200051,-92.32283
-64.41418,1.200051,-90.05703
-62.66284,1.20005,-87.66988
-62.27474,1.20005,-84.44369
-62.10499,1.200049,-81.02733
-61.13505,1.200049,-78.06009
-59.09634,1.20005,-75.95303
-58.47831,1.20005,-75.35946
-58.46916,1.20005,-75.35067
-58.39938,1.200049,-75.57985
-57.97162,1.200047,-77.21894
-56.84219,1.307682,-77.36063
-55.83441,1.37877,-77.17113
-55.75238,1.378015,-77.15765
-55.75238,1.377898,-77.15765
-55.83091,1.377899,-77.14168
-57.04466,1.36049,-77.12338
-58.25981,1.223762,-78.63543
-59.03426,1.20005,-80.00153
-59.13692,1.200049,-80.18466
-59.52326,1.200047,-80.98139
-60.45498,1.20005,-82.90339
-61.16145,1.20005,-84.36084
-61.23818,1.20005,-84.51915
-61.7515,1.200048,-85.58183
-62.309,1.20005,-88.0248
-61.77628,1.20005,-89.26949
-61.71809,1.20005,-89.38884
-61.92635,1.200049,-89.82217
-62.6174,1.20005,-91.26003
-62.3012,1.200049,-90.60212
-61.8151,1.20005,-89.59071
-61.7616,1.20005,-89.47939
-61.76159,1.20005,-89.47939
-61.76158,1.20005,-89.47936
-61.71836,1.20005,-89.31972
-62.9127,1.200051,-87.58504
-64.33336,1.200051,-85.29562
-64.16962,1.200052,-82.48649
-64.65503,1.200052,-79.78808
-65.36475,1.200051,-76.66062
-65.37595,1.200051,-73.87976
-65.73053,1.200052,-71.23816
-66.36412,1.200053,-68.36164
-66.73428,1.200053,-66.75368
-66.77696,1.200054,-66.56824
-66.77695,1.200054,-66.56824
-66.41039,1.200053,-67.49722
-65.63712,1.200054,-69.28027
-65.41127,1.200053,-69.77952
-66.16689,1.200053,-69.36662
-67.17771,1.200054,-68.82761
-67.29507,1.200052,-68.64162
-66.87534,1.200054,-67.74692
-66.7813,1.200054,-67.54884
-66.78064,1.200054,-67.54745
-66.77601,1.200053,-67.536
-66.35165,1.200052,-66.47652
-66.06693,1.200052,-65.74882
-66.03941,1.200053,-65.6785
-66.03941,1.200054,-65.67848
-65.5212,1.200052,-65.84697
-64.64671,1.200052,-66.23962
-64.19511,1.200052,-67.70992
-63.40718,1.200051,-69.93419
-62.48156,1.200051,-72.32851
-61.52708,1.20005,-75.02051
-61.82522,1.200051,-77.537
-62.77675,1.20005,-78.95691
-63.68717,1.20005,-77.8477
-64.13959,1.200051,-76.96483
-64.18355,1.200051,-76.87904
-64.18355,1.200051,-76.87902
-63.77062,1.20005,-76.43674
-62.36662,1.20005,-74.83299
-60.68206,1.20005,-72.71832
-59.13158,1.20005,-70.74416
-59.72476,1.20005,-69.4462
-61.54533,1.200052,-70.05766
-63.64526,1.200051,-71.9209
-64.28976,1.200051,-73.97792
-62.95173,1.20005,-75.85406
-62.25729,1.20005,-78.2954
-62.69629,1.20005,-80.9278
-63.29029,1.200051,-83.57077
-63.44724,1.20005,-86.10806
-63.08542,1.20005,-88.77803
-63.81947,1.20005,-91.04569
-65.02342,1.20005,-93.30153
-66.40793,1.20005,-95.71063
-68.08809,1.20005,-97.72279
-69.89423,1.20005,-99.29541
-70.97382,1.200051,-101.6463
-71.76443,1.200052,-103.9734
-72.93604,1.200055,-105.747
-74.75159,1.200059,-106.9292
-76.96041,1.200063,-108.1204
-78.7551,1.200069,-109.5798
-80.13228,1.200073,-111.4974
-81.57216,1.200074,-113.225
-83.21126,1.200074,-114.8276
-84.52834,1.200074,-115.5458
-84.726,1.200075,-114.1352
-84.05025,1.200075,-112.2254
-83.86877,1.200076,-109.8529
-83.85291,1.200075,-107.4641
-82.97843,1.200072,-105.2501
-79.95573,1.200066,-104.473
-77.0442,1.200061,-103.3102
-74.93645,1.200057,-101.1379
-72.17494,1.200052,-97.69084
-69.6424,3.512193,-93.62102
-67.02919,5.756102,-89.12685
-65.29473,5.145981,-85.78687
-63.85695,2.788027,-82.53255
-63.2042,2.667577,-80.29682
-63.17925,4.72479,-78.78388
-63.45479,4.911109,-73.44748
-63.83552,4.130826,-70.32262
-64.56674,2.33843,-68.28016
-66.16888,1.200064,-67.54442
-67.55666,1.200054,-68.55132
-66.7817,1.200052,-70.22287
-65.11188,1.200053,-71.84299
-64.21148,3.469009,-73.87912
-64.2953,4.799619,-75.91428
-64.55679,4.996499,-78.35184
-64.89154,4.166073,-81.20999
-67.28659,2.984123,-85.77203
-68.97354,1.877743,-89.15636
-69.36951,1.200627,-90.30177
-69.57442,1.200052,-90.6124
-69.91202,1.200053,-90.94134
-69.68171,1.200052,-91.39444
-69.41827,1.200052,-91.80172
-69.14464,1.200051,-92.22232
-68.8689,1.200051,-92.64601
-68.80844,1.200051,-93.14642
-68.93929,1.200052,-93.83758
-70.43264,1.200051,-95.40494
-73.03422,1.200052,-97.19267
-75.48126,1.200055,-98.80361
-78.32639,4.97944,-100.665
-81.37299,5.871041,-102.6573
-83.92875,5.419604,-104.3234
-85.67062,4.034611,-106.0156
-86.46478,1.765278,-108.2899
-86.96325,1.228171,-110.5923
-86.79282,1.200076,-113.2464
-85.8912,1.200074,-115.0596
-83.81987,1.200075,-116.0382
-81.66451,1.200074,-116.5623
-79.89367,1.200074,-117.8991
-78.0431,1.331211,-118.6347
-76.92149,1.445399,-118.2404
-76.80702,1.401095,-118.1217
-77.64194,1.377897,-118.0504
-79.75813,1.250276,-117.7598
-81.07166,1.200075,-115.4606
-82.12247,1.200076,-113.8281
-82.18444,1.200076,-113.7349
-81.87558,1.200076,-113.2142
-81.73459,1.200076,-112.9765
-81.73459,1.200076,-112.9764
-81.37425,1.200076,-112.4163
-80.39334,1.200074,-111.2818
-80.34322,1.200074,-111.2269
-80.17244,1.200072,-111.2357
-78.31047,1.200071,-111.9398
-76.7163,1.200069,-112.5881
-76.71914,1.200068,-112.6724
-78.86781,1.200073,-114.1389
-81.47983,1.200076,-113.5567
-82.45432,1.200076,-113.1112
-82.47327,1.200075,-113.1025
-82.51798,1.200076,-112.2357
-83.42273,1.200075,-110.1179
-85.71655,1.200076,-109.8685
-86.143,1.200075,-110.0814
-85.95118,1.200076,-111.1209
-85.93793,1.200076,-111.19
-85.93793,1.200076,-111.1899
-85.67192,1.200075,-111.1334
-83.7274,1.200076,-110.7188
-83.01501,1.200076,-110.5669
-83.00314,1.200076,-110.5644
-83.18419,1.200075,-109.4724
-83.27466,1.200076,-108.8149
-83.2751,1.200076,-108.8117
-82.6169,1.200076,-109.0762
-82.25835,1.200074,-109.2229
-82.2339,1.200074,-109.2338
-80.57172,1.200072,-109.9768
-80.20295,1.200073,-110.1417
-80.191,1.200072,-110.1623
-79.49441,1.200072,-111.8142
-79.26164,1.200073,-112.4361
-79.25739,1.200073,-112.4475
-79.23265,1.200072,-112.3754
-78.65275,1.20007,-110.4299
-77.48356,1.200065,-107.6904
-74.70758,1.20006,-105.857
-72.77449,1.200056,-104.8459
-72.73199,1.200055,-104.4624
-73.52161,1.200055,-102.5586
-73.48795,1.200053,-99.53524
-72.20614,1.200052,-96.56008
-69.98088,1.200052,-94.34014
-67.71449,1.200052,-93.04691
-67.30922,1.200051,-92.71599
-67.28894,1.200052,-92.69263
-66.03979,1.200051,-91.26517
-63.95253,1.200051,-89.20734
-61.22405,1.20005,-86.69705
-59.52489,1.225963,-83.53274
-58.84304,1.200048,-79.90149
-57.83359,1.20005,-78.62342
-57.78349,1.200049,-78.56387
-57.87691,1.200047,-78.36133
-58.47865,1.200049,-77.05629
-58.52666,1.200049,-76.95215
-58.15688,1.200048,-76.99909
-56.78499,1.200048,-76.43063
-55.96655,1.357852,-75.27101
-55.91115,1.359647,-75.14125
-55.91122,1.359627,-75.14124
-55.91128,1.359614,-75.14122
-55.91136,1.359589,-75.14122
-55.91142,1.359571,-75.14122
-55.9115,1.359552,-75.14122
-55.91157,1.359527,-75.1412
-55.91164,1.359511,-75.1412
-55.91171,1.359488,-75.1412
-55.91178,1.35947,-75.1412
-55.91186,1.359449,-75.1412
-55.91192,1.359432,-75.1412
-56.71923,1.286876,-75.16441
-58.71395,1.200051,-75.67641
-60.27092,1.200049,-77.55644
-60.43803,1.200049,-80.12086
-60.27937,1.200048,-83.06218
-60.19028,1.200049,-84.52978
-60.18309,1.20005,-84.64812
-60.45199,1.200049,-84.71771
-61.62383,1.200049,-86.19121
-62.09914,1.20005,-86.98627
-62.12347,1.20005,-87.02696
-62.12348,1.20005,-87.02697
-62.12347,1.200051,-87.02696
-62.12348,1.20005,-87.02698
-62.96308,1.20005,-87.4622
-63.97576,1.200051,-89.25848
-64.69466,1.200051,-91.87591
-65.41418,1.20005,-94.66357
-66.60172,1.200049,-96.79929
-68.69903,1.20005,-98.39608
-69.75978,1.20005,-100.4471
-71.39584,1.200051,-102.1786
-73.3613,1.200055,-103.6195
-74.5069,1.200059,-105.8311
-75.00889,1.200062,-108.1477
-75.37908,1.200063,-110.3653
-75.6039,1.200066,-112.8725
-75.69449,1.234198,-113.7202
-75.79061,1.200216,-113.7351
-76.82774,1.200068,-112.7386
-78.52256,1.200069,-111.681
-80.63478,1.200073,-111.113
-81.75452,1.200075,-112.7469
-81.39469,1.200075,-113.7532
-79.06853,1.200074,-113.6694
-77.0166,1.20007,-113.4732
-76.70843,1.20007,-113.4422
-76.70554,1.20007,-113.4419
-76.92961,1.200068,-112.363
-77.66613,1.200067,-109.5628
-76.94047,1.200064,-106.4403
-74.59929,1.200058,-104.4142
-72.45742,1.200054,-102.2439
-71.61713,1.200052,-99.35477
-69.95641,1.200051,-96.6633
-67.70735,1.200051,-94.54347
-66.65476,1.200051,-91.70618
-66.21319,1.200052,-91.01302
-65.93696,1.20005,-90.68854
-64.51981,1.200051,-88.99287
-62.45681,1.200049,-86.58508
-60.17841,1.200048,-84.20158
-58.25579,1.407573,-82.0102
-57.10639,1.401317,-79.28956
-58.06236,1.260171,-76.675
-59.48717,1.200049,-74.00357
-61.48761,1.200051,-71.4454
-63.89262,1.200052,-70.04852
-64.27589,1.200052,-69.38014
-64.29601,1.200052,-67.22964
-64.54549,1.200051,-64.46214
-64.84144,1.200051,-61.69251
-64.60004,1.20005,-59.05363
-63.38089,1.200049,-58.80292
-63.85236,1.200049,-60.43818
-65.12183,1.200051,-62.36369
-66.43504,1.200052,-64.42696
-68.00302,1.200053,-66.56038
-69.0658,1.200055,-68.93712
-67.80993,1.200052,-70.02869
-65.98008,1.200054,-68.72289
-64.89021,1.200053,-66.24937
-63.60966,1.200049,-63.35831
-61.29333,1.200048,-59.827
-59.13211,1.200045,-56.78048
-57.25629,1.200041,-54.06715
-55.96645,1.200039,-51.55903
-54.88113,1.200034,-49.05298
-53.7739,1.200034,-46.38595
-52.56621,1.200033,-44.19145
-50.31024,1.20003,-42.86149
-47.72813,1.200027,-41.68777
-45.31807,1.200024,-40.47178
-42.92412,1.200022,-39.08807
-41.09228,1.200019,-37.12238
-39.72697,1.200016,-34.57594
-37.30783,1.200015,-31.08638
-34.83388,1.200014,-27.48006
-32.03834,5.167309,-23.23325
-29.02016,5.685096,-19.88081
-25.67776,4.211839,-18.45245
-22.89268,1.675559,-17.60513
-20.17,1.209563,-17.02142
-17.24515,1.200025,-16.43176
-14.69983,1.200023,-15.25367
-12.44068,1.20002,-13.73282
-10.49722,1.20002,-12.35483
-8.636589,1.200019,-10.81805
-7.242996,1.200016,-8.765099
-6.3032,1.200016,-6.735519
-5.461021,1.200015,-4.66819
-4.680473,1.200012,-2.67852
-3.862343,1.200012,-0.5630646
-3.230545,1.200011,1.455498
-2.785599,1.200011,3.729614
-2.524773,1.200012,5.485054
-2.306526,1.20001,5.755417
-1.097572,1.20001,5.817032
0.4864273,1.200009,6.727722
1.963104,1.200009,8.249535
2.912712,3.102264,10.08278
3.808517,4.701856,11.89235
4.711555,5.024978,13.71455
6.087776,4.735025,14.89732
7.705086,4.08736,14.86606
7.94735,4.173359,14.85587
7.134285,6.399673,15.48008
6.612007,7.516446,16.6226
6.033325,7.812725,18.29121
3.808533,7.469159,27.41832
4.894035,6.520604,28.32288
6.351196,4.759974,28.00684
7.06588,2.105433,27.39201
7.148491,1.20002,26.87675
8.319351,1.20002,28.84639
11.05827,1.945081,29.46397
14.62992,4.606153,28.69199
19.76919,4.621115,25.96704
21.17146,2.786191,22.63097
20.79482,2.696028,20.26971
18.17242,4.410076,15.28529
15.75369,4.334735,12.30507
13.78135,3.32197,10.99266
12.30951,1.377534,11.25298
10.79021,3.067527,12.38358
9.123077,4.382584,13.44719
7.534866,4.699376,14.25609
6.626534,4.387483,14.99687
6.457497,3.973687,15.13622
6.457466,3.973528,15.13623
6.457458,3.973526,15.1362
6.457413,3.973519,15.13609
6.457344,3.973507,15.1359
6.457245,3.973488,15.13564
6.457153,3.973469,15.13538
6.457062,3.97345,15.13512
6.456963,3.973433,15.13486
6.456932,3.973427,15.13478
6.456871,3.973417,15.13462
6.456863,3.973416,15.1346
6.456856,3.973415,15.13458
5.891632,4.038533,14.48837
6.037674,6.27744,13.5005
5.839577,7.888659,11.87898
3.926392,8.249745,6.24147
0.6596603,7.30334,3.060356
-1.467377,4.553871,1.470802
-3.640327,1.200277,-0.9289093
-5.996689,1.200016,-3.066788
-8.587036,1.200017,-5.311935
-12.28847,1.20002,-8.322395
-16.86935,3.877291,-11.82862
-21.26382,5.765581,-15.19444
-24.14776,4.693286,-17.81963
-26.63604,1.792878,-20.43811
-29.08359,3.540398,-22.99356
-33.82516,4.814404,-27.99533
-36.8367,3.930932,-31.37143
-39.1561,1.330361,-34.09586
-41.63045,1.867424,-37.02051
-44.71703,5.586111,-40.65993
-47.5154,5.512409,-43.73154
-49.84447,3.901833,-46.1465
-52.01697,1.222633,-48.37207
-54.12658,4.066219,-50.67713
-55.45395,4.73341,-53.35719
-56.26108,4.094994,-56.30256
-56.75238,2.070551,-58.45063
-56.79615,1.200927,-58.64381
-56.79616,1.200045,-58.64382
-56.79616,1.200045,-58.64383
-82.19196,0.2039304,-111.7959
-82.19197,1.200077,-111.7959
-82.19197,1.200076,-111.796
-82.19197,1.200076,-111.796
-82.49631,1.200074,-112.22
-83.77433,1.200075,-113.5969
-84.84717,1.200076,-114.5001
-85.01457,1.200076,-114.6389
-85.01616,1.200076,-114.6402
-85.01617,1.200075,-114.6402
-84.90945,1.200074,-114.2799
-85.48448,1.200075,-113.0911
-85.895,1.200076,-112.719
-85.90091,1.200075,-112.7137
-85.90091,1.200076,-112.7137
-85.16235,1.200075,-112.1259
-84.20145,1.200076,-110.0173
-83.9048,1.200076,-107.3254
-83.73456,1.200073,-104.6274
-83.66808,1.200071,-103.3837
-83.66167,1.200072,-103.2639
-82.96397,1.200069,-102.6633
-81.58492,1.200068,-101.6249
-81.30115,1.200065,-101.4165
-79.39732,1.200063,-101.4273
-76.35294,1.200059,-101.6227
-73.54124,1.200054,-100.4142
-71.66232,1.200052,-97.78497
-69.43076,1.200052,-95.34008
-66.70636,1.200051,-92.82448
-64.30907,1.200051,-90.59888
-62.33187,1.20005,-87.72746
-60.71143,1.20005,-84.8806
-60.59874,1.200049,-81.89549
-59.85029,1.20005,-78.9224
-60.70167,1.200051,-76.29975
-62.4885,1.20005,-74.29947
-63.97012,1.200051,-71.84654
-65.29023,1.200053,-69.61858
-66.41299,1.200054,-67.24304
-66.29494,1.200052,-64.89143
-66.06952,1.200051,-62.42791
-65.31426,1.200051,-60.4849
-65.12535,1.20005,-61.41016
-64.826,1.20005,-63.53888
-64.3906,1.20005,-66.21786
-64.74053,1.200053,-68.94025
-65.2877,1.475595,-71.57634
-65.59104,4.476052,-74.46866
-65.52674,5.001342,-77.14233
-65.46088,4.3363,-79.70426
-64.11549,2.338087,-82.17456
-64.02996,1.209582,-84.5248
-64.45861,1.200051,-87.29655
-65.09805,1.20005,-89.91275
-66.57624,1.200051,-91.90001
-68.59209,2.36209,-94.00639
-69.76118,4.386901,-96.22374
-71.10291,4.726451,-98.41583
-73.32272,3.985255,-99.90186
-75.23267,2.2819,-101.627
-77.20189,1.204231,-103.0006
-79.20586,1.200068,-104.2358
-81.35798,1.200069,-105.5392
-83.7126,1.200075,-106.9978
-85.23934,1.200076,-107.9598
-85.59081,1.200075,-107.4059
-85.5408,1.200075,-105.582
-85.23367,1.200074,-103.4955
-85.00895,1.200073,-102.2794
-85.00986,1.200073,-102.2351
-85.59268,1.200075,-103.5569
-86.26164,1.200074,-105.3113
-85.95464,1.200075,-106.2722
-85.94194,1.200075,-106.3359
-86.87294,1.200075,-105.2481
-87.93153,1.200075,-104.026
-88.0564,1.200076,-103.882
-88.03563,1.200075,-103.8893
-86.9837,1.200075,-104.2801
-85.26624,1.200076,-105.3819
-83.53775,1.200075,-107.1749
-81.68862,1.200074,-108.9545
-78.99772,1.200068,-108.6582
-76.12933,1.200062,-107.801
-75.17719,1.200058,-104.9707
-73.8413,1.200055,-101.4377
-72.26744,1.200052,-98.58875
-70.58196,1.200051,-95.78226
-68.72224,1.200052,-92.99288
-66.81044,1.200052,-90.247
-64.86526,1.200051,-87.58617
-62.4354,1.20005,-85.50694
-59.88157,1.200049,-83.81414
-57.93232,1.414209,-82.05527
-55.90048,1.384523,-80.13056
-56.10249,1.3779,-77.64835
-57.53801,1.296738,-75.09703
-58.77852,1.20005,-72.43414
-60.08991,1.20005,-66.81334
-61.23622,1.20005,-64.04853
-61.46207,1.200048,-61.52795
-60.94004,1.200048,-59.14671
-60.86015,1.200047,-58.61413
-60.72028,1.200048,-59.04762
-60.70906,1.200046,-59.25193
-62.00137,1.200047,-59.80687
-63.89778,1.20005,-60.94672
-65.29768,1.200052,-61.90487
-65.48092,1.200051,-62.03108
-65.48196,1.200051,-62.03183
-65.48196,1.200052,-62.03186
-65.48196,1.200051,-62.03188
-65.48198,1.200052,-62.03189
-65.48198,1.200052,-62.03192
-65.48198,1.200052,-62.03193
-65.48198,1.200052,-62.03196
-66.20065,1.200051,-62.60812
-67.64983,1.200052,-63.79765
-68.55225,1.200054,-64.87946
-68.13824,1.200054,-66.40412
-67.11153,1.200054,-68.37497
-66.69816,1.200055,-69.99289
-66.63193,1.200053,-70.25917
-66.50061,1.200053,-70.29617
-65.26146,1.200052,-71.22975
-63.75121,1.200051,-73.2082
-62.45435,1.200051,-75.44083
-62.38256,1.200051,-77.70026
-63.36733,1.20005,-80.01161
-64.56709,1.200051,-82.49342
-64.67625,1.20005,-84.82376
-65.69282,1.200052,-87.21422
-67.56218,1.200052,-90.48119
-69.47092,2.182821,-93.6715
-71.64201,5.5048,-97.23376
-73.36719,5.723618,-99.85765
-75.24628,4.743327,-102.0076
-77.34179,2.694816,-103.7482
-79.54516,1.20285,-104.625
-81.09236,1.200099,-104.625
-81.39748,1.200069,-104.6139
-81.4007,1.20007,-104.6138
-81.04354,1.200068,-105.2618
-80.68867,1.200069,-106.1634
-80.66848,1.200069,-106.2153
-80.97076,1.200071,-107.3249
-81.06887,1.200072,-107.7056
-81.06888,1.200072,-107.7056
-81.06887,1.200072,-107.7056
-81.06886,1.200071,-107.7056
-81.06887,1.200071,-107.7056
-81.06888,1.200072,-107.7057
-81.06888,1.200072,-107.7057
